18.533156687766397
27.683477868582575
38.92318552671775
53.84801184505355
52.925535976329776
63.18839095410201
75.79606653712216
74.87264940792593
90.76937961009523
114.42714184435088
127.09864579099045
155.181535171453
146.34130356293412
144.34444440834324
143.2839513431181
156.9784643909351
153.1397173008811
132.837889655411
142.65224441587466
161.1884253746591
154.58907258722377
163.01529392787796
158.56709866621947
155.11914815297865
164.44962539696135
213.54413191379518
213.51307779145606
204.61162513395217
190.12238313769237
175.34298087565352
165.26938811544943
183.74826641754285
160.40130598857004
147.60027135000112
144.58970171006214
157.76814947856445
159.71382224034002
169.10422563832358
173.8405201299202
168.73371166187013
24.80348496542722
49.052971987572455
62.528218091092334
86.01105562667551
112.52228488509235
130.77555539299433
142.2812920367812
139.0333337187405
128.69194455338948
141.60835986385618
131.57341881515788
153.38223072426658
165.2422845656813
171.95468738870656
173.49547945051938
175.12250116475914
184.87527836250706
214.7808065714854
205.92063664549107
175.7015860786989
148.7400307964098
140.88417352882854
146.75694240979763
145.93782051788446
148.6662028089015
136.86575623647406
145.81090696895683
176.77994051017362
194.64459787608828
200.8629890796538
205.24131722174866
207.01973397587975
200.94886010080828
186.7506850992363
185.66649885416516
186.95394119552637
184.95896802827676
190.00133425190526
187.16180401896483
189.7760013723514
22.87188504624106
49.10972841445761
77.74846734111064
108.95818414367751
125.73917714712053
133.7661306812416
155.30670862672466
174.32888872230853
179.1840181081863
189.43820078524837
223.0346925902468
207.47483413682022
217.5713659036225
204.8976124052284
207.09499389197163
196.50603041138788
194.02865974756935
190.59507360359467
186.28667206684045
169.44285843117208
170.02214603031177
156.17868742756093
157.97726715426947
152.69775233737553
140.88268306596635
148.34545106278782
164.96288832388802
185.71992889107565
199.3737540507036
206.08833452870115
197.93499994591497
184.70383080293664
198.3688842516024
207.666505866537
221.50978881039023
212.01657357965365
229.30661037917443
225.37641654530447
200.55056256978696
197.88329884112835
17.943442683657615
41.847784552772985
68.00111516141115
100.28450467816906
104.71337971965828
121.11100489361232
136.42704285544409
139.83869292009004
138.58076598029396
151.6099781852124
164.74211253992428
170.7802182685252
179.91963776855073
191.2607377283576
188.3506064657858
167.26013834781438
177.04487495414597
174.43826354711032
204.24587490671144
205.21378983835612
198.9199848635486
221.27334992879517
233.57104269515565
220.22073328483154
201.66525669683267
213.61281268067822
194.60403329800585
187.96747489551328
168.67119288549054
167.6260531252365
202.17625492536254
216.05687080418477
227.72855865383556
236.1951384658429
216.68543482050683
191.87955624798786
187.79152406837756
190.18609586834646
196.31624065885603
191.0136194438624
26.291512904367984
56.62882857146357
72.71200088861954
83.38574094211138
103.6776317894076
140.96330053265723
146.96608268163627
155.50491627815668
170.85402289165987
180.07682149390644
183.4270760631172
197.90849104574062
212.28954043857635
218.5444923504896
221.46087308603677
212.68223119323073
220.20138099490734
214.38352572400908
211.81016156349756
212.6598453487345
203.9885260930878
203.228087221687
219.91724402510422
220.91666966322873
209.45770274863557
203.37306695671472
200.637225280903
215.48022692174663
208.84339176176385
193.33448596639653
198.14763362189882
220.1546001359264
220.66015380415408
228.7592895221315
219.63462065147223
210.7394049998212
202.40698376596401
206.5241161250759
194.10304964377295
167.5702397835476
21.2435630288431
42.906942955690866
62.171554653482154
102.5034102736433
140.57475184813296
152.3084515435418
159.56732563599914
166.68816547871685
169.505039571307
165.5876431563702
168.74507794479362
160.83315960592614
145.44747819632576
160.0320042251623
186.0554387508012
195.0399342583666
207.0785969669268
187.90877576751248
188.23203742500843
186.10509400511577
187.79393452659372
201.11841599188955
201.54311287937693
175.14313386997495
168.81626942244952
171.5330782798837
159.64440787240596
166.25381059940818
190.1408354979395
201.18042280634464
202.36173428820993
201.482232077046
204.714363144184
212.469013556745
230.8156677102059
228.47970893872443
218.88824432685934
206.41744529436113
204.59752519891777
205.63220833889068
23.827537050240185
48.45955114284265
65.51163510829316
85.70779211167516
105.06022406122862
109.00853964094459
134.6005860863952
148.65699282938704
145.92023898957768
139.80901233661604
158.08832274292502
175.35002285497032
184.9755550623252
188.02659379627363
202.89276956258615
224.5510971627058
229.09706556545828
229.17355009798226
225.194749679165
195.33817230431922
192.8496327590342
188.6999382643013
187.67621425358288
207.40209667768647
225.4858193957281
208.83548344601593
198.53357663869554
204.38100288382654
196.76438773007249
182.59037978000538
182.63199334822264
183.30762469836483
175.1806865823113
167.39822177646582
185.01796328511557
212.76942941042066
221.48922244548862
204.23914277433954
189.92127315844408
194.97448780741146
18.30547910402211
48.237618726382216
78.2740692275551
95.65905125754513
98.48634444755442
96.03482454235719
124.51172918702248
138.40610155133004
146.4368865035497
163.60244640064607
160.36554122835247
158.09729525095642
158.48459982624496
170.50704610895997
185.20841035039658
182.02919764106394
213.12613144237466
216.0169328351705
213.6598328144296
217.2147189775397
233.14910653461882
244.21556887734909
231.13328488465027
227.17218277400133
208.15583746978047
227.8985606414603
231.7117858781465
250.57469760953046
241.22591943546723
229.94671145259335
214.51840337628417
213.0589903987823
191.77179314078856
203.61887776325108
214.14786259916843
210.29534368301785
199.54433765897656
201.1018513877666
200.30590203938777
203.58636857879085
22.35813270475193
59.49935357969454
80.37581378246806
73.59551695657775
86.31104589670588
123.13091179569096
139.47990664353344
136.35929921178638
144.94769964279874
157.65635799206967
173.16016130860987
185.9042265277562
204.3145441652555
214.83790622439733
231.78122768444123
246.05777694500347
271.7440580799812
253.28360076413782
235.15772098176316
215.3378789572943
190.73907290495106
202.49474527049057
215.99632397856533
217.5613603095494
217.31163587712166
228.41369239182558
230.081160067703
226.61620093198988
233.09904906846398
244.08457140129775
278.2091362579832
277.26363673896134
249.89710260925244
259.31301915358927
260.198686496381
235.55281432822935
233.26465840082096
232.14187050169085
238.74765277662104
251.21615364597312
22.48208828189401
42.23091880582516
63.47307305805021
96.02549821070845
107.51251836211966
130.46448792770573
155.39395968854703
159.56129356392077
183.8385770291373
181.57122802802746
171.2708459269326
178.7070606375988
180.74434765754447
218.89097550449264
235.67943219613085
232.96045564381737
238.93516671150502
245.0645270934
251.37473127839786
243.35443885456917
233.71854865875744
232.47976363768893
241.82462901943046
267.10195317499023
265.77897866633714
250.23463995540905
241.56450279564748
229.91503570455686
234.85999503803862
248.1565689773334
264.47983961739925
264.8428322659914
261.6278795349111
255.0983858820793
246.36428330577027
236.66143867887777
263.40903719349024
262.74574523200215
275.44726834038227
280.8567128223517
21.797130565968498
43.30948416682947
71.99703725982825
87.39637440002018
82.17473838452347
79.23856989343221
120.05955077703533
151.68895495743712
142.87220110965112
147.06986881847254
176.20953805921351
193.95601224648388
215.58743779436057
236.1851235884932
235.65322076074668
242.81382571893343
238.45016239642695
243.6755836637275
227.6227597155998
216.37674329195005
201.45123909169033
223.40037782151765
237.98589933640207
249.07277786480455
231.87861761200492
223.33660133293287
195.91922373789177
180.5691469237451
165.96530576239726
156.02730891209177
181.08352240692972
186.77325624546174
184.8740073455273
199.77132692611553
214.6066918803779
206.96207647508905
209.99074748248185
225.52074291205207
220.7711145439162
215.53360913908273
13.776243280069092
19.82094769856968
53.44435733556272
84.22486159198277
95.5998747629099
103.13103557828937
129.59850650298836
160.05199176078244
179.47540590364392
169.7735240418292
183.24408370771144
193.56959752706697
205.08073645000397
207.7075993530287
201.3608469164032
217.44504906393792
228.13327257377532
234.8734837903948
242.33111738045528
252.49290090853145
257.6331845025564
261.91754519914696
266.99201379254214
260.5288761530668
271.2733888483047
269.14498785806154
263.4580536425561
272.51058211042164
282.78025470805795
286.28016345762575
276.5791802799514
250.774901596663
251.82104092257887
248.62009238778867
246.60494637269952
237.18071090770496
263.2204140699317
283.2643300552967
276.9670143966507
268.7584175814302
37.93720027139351
65.87811300667978
87.77406567297972
95.99529755951345
114.94304648155017
139.0747209671685
166.9878293383033
197.76440755241447
219.9801509798852
237.40778518250735
265.08473766899203
259.4816940875888
245.31261948866864
227.89664704518142
232.73961723472598
221.1558594174321
240.30699386978787
257.13441997675346
253.15081474671396
244.54469538795448
264.0026608131799
289.52288491777534
273.6803059023569
268.01936148273757
271.592867952053
256.9152576490804
263.22548179804636
239.10290227003588
254.3410461684405
245.6318597552069
231.90967615898657
231.21158956300573
254.80141781139204
262.67959616212534
263.59199783744606
281.2829434439653
285.29550263913654
283.31558669052356
283.24023622286876
284.5595966560495
20.42131038891922
37.42195660217751
69.98922560387646
102.88379863517693
114.45530889132257
134.6842010304426
155.14579456767416
161.8818517850229
157.42276806161848
169.90075295916944
180.71629869726928
197.28512767794058
206.49331020731884
219.25994096677223
227.59659836998262
226.05072648020902
204.97520333034186
186.2857985089495
188.10296799098444
209.85636135241032
223.20065868097433
241.30276379982476
244.16341048847468
256.8549140265898
243.80644035641575
217.129381039728
234.45680256121022
223.87458346613462
215.87838441573348
225.95621315435017
219.56439440160537
223.7213722229581
241.35164091487997
241.45157985822584
243.12477736668038
249.79658202657194
274.11824093998837
269.7724066401322
251.81687660471857
270.3705006214864
30.263673960609427
72.88566756514605
89.7618375181005
120.82660700672687
129.07511989760187
138.0588996657285
145.85831169372815
166.24434253746446
197.77549023983076
196.87161765801227
228.6220278798949
252.6273364967588
257.1254393227303
246.61443601170606
261.3729601740771
273.6540954809376
253.31735198161073
289.2593877747999
277.6843555401755
280.3037465587332
288.58305008912555
301.8026348709247
286.6712883399447
299.9866829475401
304.45993519187437
307.61631567810554
301.93791462119776
303.57662684004345
298.6632993869922
262.04333119416486
240.65709299392987
277.7865655493785
250.27198046598022
215.45579390929518
219.39070564452788
223.39069684512674
235.9287005394379
235.3040742975321
215.12083873709798
226.56266891365215
27.237645837902573
63.58216581693672
95.8342744060696
119.20613151634645
137.1972930922656
151.25041841066675
153.25069851096424
158.2581939637804
150.92909165148333
155.35437224056884
179.52580897708063
191.57442329283583
201.04748942237475
195.48778400772932
202.23499256394047
217.94079044968294
223.97532395897176
226.7385517119754
244.17911700234527
260.67219822070024
263.67142278809627
261.5216297156291
257.4571637296172
239.03727807045607
221.41613922373267
190.2996375291453
197.3668281914515
209.13237132918294
208.499041805155
226.77708011648545
243.62115710258098
225.0864126167546
192.02198819129728
178.9101163130563
194.98691355573465
212.66746358356824
218.72120368859945
254.18765055826788
275.44907002595113
249.532409669568
22.979089306984942
52.98680559318139
75.6757123318357
100.47677544157223
129.59381658928916
165.97526031556527
188.97437930871354
206.69802495096522
219.88211571137168
230.8647575517829
223.30836232987755
201.20602186427843
218.41444155919388
234.44092360546918
242.13652897495027
255.048515943207
254.1999869924293
247.52166315600135
240.4364669857446
251.94426703269565
262.8331045993549
260.50318731556723
241.89858649618546
227.07830866457866
220.83933483930107
227.37361064058135
249.32229491281078
278.68255762500405
283.7356212208
304.9649999865131
306.78769063068484
298.74519425391725
300.2830438910413
309.5275697002364
305.4399247015654
280.03993082493434
247.25134986640316
242.2860165807953
280.0869855248018
282.53490895804646
21.05852629937226
48.203333238010174
76.96725656721854
102.54639753113102
104.34582663616845
121.9770520678858
138.68520670727747
165.3740969073688
182.2040742269723
208.98714137598796
225.76034448665175
237.93096074101976
237.28553789060948
220.75187662241245
193.88419391849433
202.26445304302538
200.8394514975233
220.51757585082734
237.59422791856028
235.8149009522075
259.17609457057836
239.69532591928734
214.03785659210422
237.80973321052258
245.83706809798315
228.01061346292363
255.00367295049136
261.24040357981687
235.59281809470744
250.45309290128236
261.78901298769784
281.06444205465084
300.49774202456
294.2427967816046
272.16348999085767
259.514379890291
270.3640242198219
254.06700731776368
268.528796734189
280.3381791164497
21.731455714782122
47.11578221495799
83.76320145864787
100.85754560100426
111.10795068756563
126.95261037418597
156.1690919431222
195.58364289455736
217.33087784421875
211.96160877231165
222.7740636991881
215.4928400826315
230.4567591675033
231.75330019705527
244.77144326812413
229.97029194067605
258.5755975758358
278.9217305573671
271.0010547779257
237.15479565316897
219.40887125990685
228.01340966962704
248.09328336857132
249.46331857567256
264.83723802247033
286.6990382503316
279.48711934129074
294.8899752090127
286.5844870199412
261.5072855455778
261.10826451925266
241.3296024182304
263.91698516604515
267.93039365441075
269.21057606985374
264.0273195658737
287.17855623063394
291.9529537899567
288.5573572601472
253.33783882939164
21.319541295600803
51.15572211023357
73.59253442533958
102.17500687728422
117.5857087517793
153.39523273194158
173.76806766200374
194.7405557905793
202.2411465339147
217.59893829966518
225.46858323927373
235.15297968774883
259.2171047241029
275.67279206070515
245.7522975896984
236.1818015140746
265.9277628056359
255.07558009671433
279.6302636817908
273.9421497417809
281.48921858137624
280.9723827041928
281.1757071319005
308.1063654549633
303.48398946635467
285.7711685126228
293.0350995114628
281.66540132815885
289.69768505589667
297.97071488371483
295.9860866118216
264.7378916291875
269.77230358376784
273.8251946539533
250.98157836932418
262.94754275095335
264.78108486964436
245.17749032165742
245.94697745993165
234.23751143218936
24.495384597155475
60.44977231271009
102.16240862202659
136.6571515383337
154.84511106803072
163.85421311776776
170.5736680146983
188.2763804578448
192.08733638598613
208.17729708498152
223.60104588296068
230.7428115872794
235.13444313552785
225.45808887412917
211.4259116226834
257.2230777450693
256.94968317217604
272.85873407081704
263.74714234709944
236.0016899808656
241.59473258329743
247.38194684059548
252.00183193119574
252.93502194037714
256.45495345473626
267.93498595946784
256.97009019793506
269.9044439588186
257.09481653567804
265.14914900003606
260.813808385454
273.26564863262604
291.0183581019359
303.6364170954815
331.9187955393542
328.3675242217879
310.704199252805
284.0665980393795
264.00031405121337
263.7547608087454
25.359828037521467
51.22933079030101
86.42185973768937
114.27086887528253
119.0083519747178
139.56255633060073
168.53099391864484
190.62753800348978
202.02164514949044
226.98593532450985
236.8062280171982
234.5512295296147
244.56692008238053
256.87795757153077
272.3417484498443
261.62368502775513
230.49791506674157
215.51084391321493
223.07551723916472
219.32555295823488
220.55501494062855
236.5290874768003
254.2136060142777
274.33159527453864
278.21706313250166
262.1365416757952
234.44929663905734
239.1125328723759
223.60801371045338
229.56431076070334
240.98449485309877
226.18134851633866
251.2267762711891
262.6661776336578
239.65280584424974
222.1890741325161
231.58919066029668
234.11443945996078
236.64691963880676
216.98103107595233
26.255919041982533
66.36974950744845
94.03192783902766
122.1444591685249
146.90485923115105
166.3739187124746
173.8997694266141
195.2559759219443
190.7436130452781
197.20845898813303
214.25306451451294
210.80921074953778
233.3364934004166
263.63879580138087
266.6998483802855
279.4308236741093
275.5789744732426
277.71813785751624
250.11234145423944
242.30544076587015
253.61118827180215
263.1134123672437
265.19431637911117
258.4309692422013
262.1936705186642
275.4418504050896
285.2658024233381
295.36275053596967
320.72073778543813
327.09858528165074
356.4302343931011
358.31527232854245
337.3836986450524
314.8670297569162
325.84295538497315
329.3812643744181
304.7040242479993
288.4172833698425
259.3424190514024
244.5286353499968
27.92353937390771
48.76135236677289
75.41918365218845
110.93559571443485
142.43047506812252
187.85099818499495
198.05462069395472
204.00824699458173
237.23555111251386
246.0126185760966
244.70019568730663
273.623197745219
270.3579504046801
257.43277968978884
279.65947792490374
281.78816742689816
265.925561837863
234.42415044737405
212.17200420606903
240.23428817014164
233.85646611493675
228.02651953428293
277.7895475329405
293.3526229675665
289.8202298627534
304.52092026691355
323.6307973263195
329.04206655706116
298.75506308289465
254.68636679161872
236.77688358456246
219.3268796546122
217.20285065866472
243.53395154861622
238.34854198938632
243.3959427095239
253.39482118151662
260.647547490337
274.5156647513348
263.0713067463554
22.628650793535325
54.8779270658187
83.87142959337388
118.35187858934151
129.58022385837532
157.17679895423097
163.48748576960503
181.44598440626416
207.80415652985022
217.3233368740652
234.50579859415214
275.89562892203185
289.2021050423301
285.3387764204202
289.0876473274425
275.73144327986006
297.8465130522317
291.59113968535405
293.4931338668479
295.7088435091097
296.73286842933203
277.2688757934971
281.1446840019234
309.61259582988987
293.0345753604629
295.20234882890503
316.26560736616
309.9943268112597
274.8052963451587
233.0187654392792
203.29446449723613
226.74880695718795
232.88913229530613
206.56939082027353
211.4961777609266
258.43107563822576
270.76606295394464
267.7071064497748
256.88016927450684
250.45720811869714
23.38685171344736
42.836380302483676
68.97375043699172
100.00660281213236
138.80216851762938
175.44704097755755
190.52715847592313
207.68768806334373
239.25729715532188
238.5150577578697
250.7600472666879
259.07699916733884
274.08764686906005
276.2317007270728
270.5351861523109
265.69742765233286
287.647365669665
294.28630272825853
286.1108797108602
270.9689634972438
266.3556559982846
283.35941136277876
295.3451557858993
299.9263493221144
313.0295433061419
326.0955058963491
341.02648152136396
348.36726400115845
350.0761822949211
346.9933201469585
332.0158597276661
297.75073525324194
271.5238878276436
288.2558396742168
312.55383568962503
279.68513627112566
266.61530169966085
284.6043716295903
278.4759266507955
258.811872372582
20.836370718383243
56.093929702500695
87.79322074820834
117.32531614736234
143.6092501035703
166.22111620406244
200.22082709152485
216.82433872307092
240.13684078310024
261.7596333666002
286.10907605264754
292.5640662902698
288.10635628349047
302.428026861606
309.5852359641115
307.9677696795325
293.5285289165433
253.48844515666727
238.73543014930226
261.31858435827917
255.17253342346237
271.6983513131079
273.85126430044266
293.05580200602947
284.6029532708693
289.04652210495476
272.939769578879
238.82997744067538
249.26371577798056
259.98704610467144
248.30953896970925
258.73674720090116
273.8390504696227
301.7393622566798
326.9304202449463
317.12589744787766
274.0911899191352
288.51437383034033
287.22940595645167
264.24901886811887
24.750612207142588
49.10965790781822
86.37736803536451
127.42847606238799
157.42503106768444
182.36109798124855
208.8990110423925
226.7334841483598
232.84273440575595
229.36713795615944
256.15882589800685
259.3417990853817
263.4746018500808
246.6389356970699
270.9185275013426
269.3729358260544
288.9359141098043
283.9450692020715
290.9883862604921
309.8561468147314
315.50947677302963
313.23547460202195
316.57046244458706
333.7712860121902
337.1117625900045
317.7936874445154
325.2005898865322
335.4651021196478
322.1135445215416
308.4842219932901
301.9787179668862
278.94399126239784
267.9453493906695
263.96047284742036
262.91784456472715
257.9728494340763
233.04769088407127
246.34727997668674
263.9871102062937
275.39525032320586
24.40802614358835
38.58012583523503
62.3655774307676
97.08089001233344
119.58982712010308
158.60393007431918
194.90568584044055
210.17860816329852
231.61465420658493
227.24300403109655
237.89885936386875
250.30028523210862
259.51304921831564
270.683376877276
258.51685745936294
286.1483965557332
287.5823323758134
286.23858662983594
283.75280340396654
265.1742570941636
234.66333034223948
231.45457386933413
249.2466339225226
264.6735223870684
272.6303266132361
254.53356462315276
250.1646929436893
260.31302532519214
243.49605306834732
228.56743219102904
248.11671961014696
257.68489483367796
272.2876325328666
283.60699043623765
307.24136137226236
305.9043061407007
290.5870049804785
261.5175361331957
267.0618730266845
256.8728998271814
21.34112021640491
51.232897242111186
88.65732254532206
123.71287700295724
159.3260748853931
178.93325703043118
187.72211803265924
183.29478419016883
215.79162055998958
226.0680271739445
253.1997414727623
234.62796645593997
233.14742650235456
253.22700738427378
256.5722243339695
232.32991599830285
239.21744386765752
223.27554120057025
225.89590121898308
227.7868280305154
214.3013628899079
233.84034946320352
230.13279056934297
236.00959301615262
250.8769674222971
266.6907505349536
285.87047049850986
289.48095262001493
285.00176173074766
319.93684197520696
325.3188649175303
341.4438551884572
340.077984523939
367.7437801166979
354.51466928766234
349.39279461969517
366.27424755012674
395.49189484865695
393.2006179540198
348.3819156872235
21.616333110366302
50.17136368374155
82.61003564656335
91.80202054654855
125.31604910750923
154.03729363619252
175.2628911852528
205.78889069609
208.23671823506376
215.1622911393047
243.95098902820632
239.3073375563579
221.2543818019796
225.94846130140783
235.21659349571297
234.42488834961452
240.65524872305602
260.6073627644702
261.1264362934211
274.7527563809544
283.3530736421037
300.79644255946096
339.84317549829274
359.66183410189336
373.97880017953054
376.6094067440241
346.2602854559274
329.85495029448344
338.29244842738393
318.273730718075
307.060819152137
295.255589930035
327.46601708558944
339.20863926907805
351.907849366475
345.7773069698157
338.68705151510255
304.15077181471963
317.21716201557683
306.37520789197004
20.231703778815486
51.33953309164269
98.40620449551278
140.4180024738721
173.08325255864062
203.79571432051708
218.8086845815045
231.6251516814821
266.29827357420817
262.0832484497039
270.5962981773952
275.8107670857757
309.53091451318215
302.7484145745985
283.6959876234478
290.09297934938786
298.6925005229514
297.8352832356677
305.036588882997
309.5739753365681
301.86210804207667
322.0160113259271
339.12876836936863
352.82355743877883
358.16198788518426
349.2744626924008
338.72355896818647
353.66173590795825
332.92378982276784
317.7249725043846
333.9622697686036
347.9152705974158
332.6551279507444
313.759713221983
299.273259643942
310.8995855297828
289.6564855558046
247.90280791256558
236.14687014227144
242.97670702477805
21.171959103018892
48.42189397062092
78.17340209232867
109.09427391479505
147.45534870238072
185.62411563688923
189.88355672598433
192.96308846537968
213.05226285960381
228.5916048433871
249.36349050686545
287.4170863452725
292.43991578074457
290.6296092256364
296.18454979363105
290.1911980242257
298.2323154954797
284.8633211713948
310.9725443392714
312.50996340369744
322.56324605638906
355.6327779753432
332.9286849438495
341.23780461271514
363.0163278543327
345.63350707252033
347.4994541693051
325.25007113642073
307.71094916235603
314.77031534601235
339.59567389152244
341.21636724520687
323.41036104740374
327.94478554784683
351.57805043851187
366.81329233437987
373.5108762601922
375.6007370105243
360.5057943317061
343.0754056712255
26.091851182645108
68.21099478375865
102.9794919849569
133.72664097687374
179.72318347440427
198.7171418895537
202.96834709314763
221.94220543443143
221.03707533587422
253.68579050423583
274.5923165690552
295.73129920457745
296.9093672884141
308.39497878453733
308.2698640445628
315.20083497641843
314.7283537147146
312.3660352327518
300.1972919123085
319.2262327643356
325.3468552891253
310.5485350742491
322.28644231144847
333.63735629665865
351.5505097973284
322.97751806421064
321.04086317218935
316.28059112414684
308.47693803849785
307.7425512415993
299.56205080373996
308.0298477515103
313.98583682064117
302.324024607865
308.964415725874
308.09354056316414
316.39509294443707
328.0974692473132
343.6412761638891
322.30093230253556
27.623547474324578
70.86774508839574
92.18674641616035
134.94170506930124
167.25479245295446
181.3580613969002
199.57593154189638
231.49691253564174
245.89360339266196
244.4974410756094
239.23735877405622
244.3660912337443
263.5123977957594
264.82089169033367
259.1212783979292
275.86583792784603
280.35318962943285
258.454719187497
251.51958553125365
267.1057791979818
289.58241266563
305.44622187228833
323.33225196499484
315.72883167175667
277.6423002254232
271.9332315166522
274.1341861277926
293.9319756192487
296.30281981473604
328.9157035282961
327.88949781655987
319.41402999102627
312.9244273172525
340.04847450771365
351.30410912546984
322.99606051112494
327.926817207717
321.0844193931677
304.354819560851
289.638252889899
33.49306269279087
77.84372156259889
107.15456414302673
154.61695758599026
168.03721195298186
179.57182904249353
195.63660635852833
194.417409572037
181.7520811068229
202.89483862062045
235.33177885063756
268.04250668065436
277.81853821441496
293.60138792747296
307.26200445444266
314.17512024686266
293.9898251334293
283.10721736208416
300.31218645914623
303.04453914822744
322.24861116516917
311.62897225266397
298.74339705648634
317.1352483376285
314.90476081025605
316.9964861450711
325.61224550843644
335.78654776299044
318.2551454482402
298.83963269306963
325.93206428046557
330.560764409206
314.3587900398337
342.40707240124175
343.974636620845
345.1915498199649
354.3203178796014
351.19947908429987
339.6094419758608
338.33720966010765
23.744299766343634
50.907947030460456
88.08620530259194
124.62961595215198
164.84008451522385
187.32659179213104
209.85592003131578
235.0541416628341
262.56970475950277
255.8957894397157
262.0939780799134
266.0213703815591
294.2961328394667
305.67375238894306
314.5362969630078
315.29488359600737
307.46109507743057
316.6159788480649
328.7781695765357
344.21527873557386
346.30488971862997
343.23373499224766
349.35586390432394
328.9965638700004
337.6240840234475
314.1602982351783
318.109807021284
306.02790231939406
268.2002212709727
258.2160404616882
271.60984324243185
260.89468391726564
298.1567464980335
316.23428510353995
304.2595976462872
292.20450319604385
313.4261343826388
321.86808088620324
330.8967771955434
299.4749711033309
26.88863573937243
69.59050509437857
116.76670824689013
136.05365316337026
161.3423311532288
163.6023904396576
190.60003210025752
227.0212665623938
242.91568788619247
273.9024031089731
287.7741008655902
298.6593953522321
287.3897838851335
278.32331586337716
250.70594232741936
267.54765815945035
251.36208483520866
257.76099673547503
278.6214650313105
282.54954525324786
288.82194246984807
302.81771549837566
294.49657331007376
312.22685370800133
336.97103394601487
337.3886759110404
343.80155847551316
330.26249518379075
292.97935173446035
287.8264427347018
249.23462548073354
256.92534130490714
285.6190713134578
303.6233857299496
288.0530018707135
265.4008536530153
283.3610449017546
258.55086037923235
251.8713998173302
260.46715949032654
30.698881574393724
69.8884146681713
122.76695244148628
148.31680618068796
168.39310962753817
172.61849552437332
200.42222471544068
195.80803480922395
219.95957762163192
238.22264914194093
224.8689080276981
244.40716913233652
249.98096298038791
259.05828965695656
251.6838580142113
240.5520289870656
282.05115062958726
313.64392628925106
312.20543582166897
323.56728450725285
324.18364231736365
320.4467798544809
326.6724081284874
314.7676587244441
338.72344875377144
315.60807839638153
307.4627824922452
331.12933150557785
354.2664518410118
359.480685989709
363.22434731771983
346.6461018547701
351.86819775187166
348.04203304737763
348.89544834132994
365.8915934222299
382.4999680242918
382.0983016028713
373.9662450277231
369.4154086924222
21.26693209177741
51.054877049701844
92.70959504762227
122.36297184586815
147.0102808727961
165.61849560055856
203.31524063569432
243.81578468523466
259.814773969352
258.1820093994612
263.19471968012317
263.9106589085198
255.58910703927785
280.82448406746175
303.92946574068054
312.9345313507114
330.9698336006102
360.20410231442645
355.75921784382564
363.96985986518615
355.99971826415737
400.0399310709096
381.78102112919544
380.4856492025967
373.7037963363159
322.7250707402241
328.31809517039204
346.5789474545481
367.7619942604735
364.1613899795094
368.1735850737958
404.31581272684144
413.8058980880912
394.887525186055
391.08164512737966
408.0840708699476
403.24806413513704
396.2057727299811
403.8492324856055
403.2102244961958
31.619196982027322
73.96738954234642
108.7980284165342
133.25896258349465
168.3455536726164
196.98148552065297
242.92016048112967
253.44416782669373
247.76125270361518
260.1592954763332
274.24714024165104
273.77824946922925
283.60880285567987
270.06079339007624
276.0779755002649
283.09422140900165
290.00367658256346
310.8529959532509
306.2150652374523
281.28311581463316
281.74193666086404
306.3855774389126
296.2197639185787
274.3752030560338
270.4104679361038
289.68581754850237
315.76748983113316
343.31837072302625
362.81922972895813
364.9118517473705
363.8173669209847
321.2170159437199
297.90238754270734
311.0784929899315
330.39442671074124
366.4577584597662
410.54626400071896
439.43991494561305
442.16684860956497
446.2970159962885
31.58278223191331
65.1073556813565
101.1552365857084
125.86400444075613
148.5650438984039
195.60709647345422
215.28829021353755
231.57526097237294
267.8227831970648
298.59950429037985
298.76910307145414
310.75025931797444
308.3617995284384
322.05282157520037
306.6007533207807
316.6954431233937
321.2873925606739
314.3400866896151
293.81389805804173
296.09704310673635
291.54560370065474
308.6126976018167
336.8860255765128
341.0135492540339
362.16990646937757
323.7779438325543
289.85179463303484
316.9157698275265
320.8345153325597
321.779075864079
326.12228823556836
313.4483032926223
300.16929665772244
289.7832410271857
306.4991428535676
324.19305120878795
319.1492688731443
325.1755088095674
344.4194377280192
367.71208714140755
24.296292981239382
60.42404530923128
103.91303257500807
124.03121617509336
158.15380829904444
187.92971257387305
206.45888795051957
238.34265813526198
270.3219921011749
286.28032025218164
263.5808131253306
267.63690710628543
272.25200316510166
320.2524887806815
330.7685330020791
306.7219203037781
308.5947129913101
279.94294880784247
261.61393634735595
300.1435595814217
331.12155430744593
365.3241589793836
373.92671565450775
362.8273358707159
370.33587005168516
377.69506764162105
398.915370573576
390.1917254215399
371.25104825893123
395.8625753787132
387.5254671494585
402.72235332327733
398.71143493352395
398.0020172856663
396.1475573358692
406.5502846834804
396.1916567375467
396.5302479142087
408.84879979928456
408.7767853435733
27.413547256079763
61.74432397263878
74.06278047005911
113.08865453362594
153.9416504992455
166.3411716999165
214.40363707572652
236.95010666440376
259.1729856124046
268.85137180845646
272.11227381474004
288.9216995774811
310.0321906187455
341.70055976415136
368.54891269695867
358.41668271083876
329.81259688339156
308.50042297509185
332.1310689965602
346.94106980609575
355.0852260238964
346.39679147432184
350.5942564285885
368.8484019012296
389.9028074390169
407.48037019437174
410.1280999826703
441.65236021851655
423.3540746973321
419.7915347472776
414.5403121175324
395.4055770227567
355.3927420452148
340.85817962763366
360.9499368123771
384.2644453362946
399.3000099780229
403.8082140471661
402.0439853910182
388.47420953548163
25.618629404827804
59.510600973613926
96.54464587513964
137.51933194327023
148.6206134023661
167.460876073196
197.3567039347337
217.83267692654144
238.62216691776874
241.99607250427164
253.68609481084155
281.0140023862327
298.93097975498245
322.4206721914196
332.83287248416326
322.7991347202909
312.540716035754
355.27503610490896
367.6830355330418
377.93445684904583
403.3256057723343
393.6593969199206
356.15273430586933
302.2689681941959
256.34282915133304
260.2044121646118
293.7005678814474
316.01234172890526
334.707785918125
333.5858603662093
340.2780931357244
354.79082370979177
334.2199837162556
320.11037326604634
340.9811155617372
352.4402580610354
377.25173559202784
381.21097858021733
374.6555229098453
384.4388424489894
29.563500745710115
58.717589985929244
90.70092581863135
116.1527440237166
154.9229405470197
187.24616428169526
211.7916301737548
240.78412940617812
269.04100491835436
282.47360308322203
299.68274412078176
316.2919958407419
318.0932644338223
332.9648324814511
337.4817307966058
315.37054304405257
331.7094969190522
352.8925925789598
334.1824117341418
320.3647734307874
349.21228776575623
368.20048560928365
373.1291515960939
363.18378655693004
322.914900374201
333.23357616451847
306.6586058746937
315.21861205279197
310.98871537445905
329.9440070850413
352.0270025744323
349.06376554560035
334.6696395822853
357.26101166848497
339.8038549789738
348.59150267826465
356.2801744863176
364.4343932975129
388.3111851564415
379.2495700366736
25.389312483443042
62.72717643010928
103.66236736436127
137.8243285983344
167.67917797898548
210.90288199793966
238.0772327289087
271.73631731356716
306.0015930898162
319.1302136436953
332.92995387109016
343.5327595100054
354.68959155700446
355.41597086565
368.8655525705088
376.62813303842694
369.1813702985485
366.0303380845116
376.7810284892207
371.7897490681331
393.7472053969041
386.3463025213834
341.55961217621785
350.9304281110733
371.8599880511308
373.3380120951917
409.4805067228428
436.6456433261754
472.39886660454744
458.5460231459213
440.7804704580942
433.2811579921874
455.95241825036385
440.1816403117617
409.70601299160523
418.49216105301014
413.9155091136076
393.28841987534184
334.3295646574774
320.8237867580179
27.0724200173056
60.70767815664692
102.48036306990724
155.9604113806065
207.67536702589092
234.52739550074028
254.91907521388435
285.71522194970936
274.76270799075695
287.693423822221
297.8554739805533
309.4922914808027
333.5591827801224
338.22715729601134
341.11583788165984
341.69058715908227
311.7769044030466
304.70605901527273
335.58703269563347
356.89837158423217
376.0231800101411
362.4190123727249
347.1364911443446
314.33825898234727
328.4287693727442
337.17489167515896
363.36153892408254
373.3411388582176
385.8811951256205
381.37546082689215
394.1670092677838
383.8937302369822
391.73236564765756
395.9541467531895
404.6553526482715
400.3504112439806
399.32486383352403
411.9972837469183
437.0646375806809
440.41105206963726
34.27421700272269
70.67916825796303
108.47581082411831
141.62132466598968
179.2343780352972
233.40071121106166
262.1618067481954
277.33873516458993
292.702298668185
312.45747843088265
316.3069678530834
322.04778392741906
324.80451909591375
332.6368895820814
321.0543470030838
332.066665161646
347.8911515418218
367.3946327680896
372.28708666885854
375.9806654467806
371.89021318699236
371.197832939834
356.71244877876586
379.42374660814784
410.08951545859526
411.9295004200854
406.7230101918714
436.0056921073727
420.0870944830903
418.0692859194659
436.9400990797223
446.1430999282795
441.79702750573534
435.6555169948919
411.1402721402771
427.5386098557421
442.26707758503846
438.14196082549466
432.4620028529413
448.18470771972653
25.77063310653718
67.39514144417767
116.42418212296316
155.93401498190116
199.5949831681295
231.89696452930087
251.53204882416705
236.62873713523754
255.9121396400394
272.7962624954503
283.14068468551943
308.82573512607155
322.17016683638957
323.8093140466673
348.42201033386704
369.25434037906336
386.2416417202327
404.6356531102057
408.24331573479424
422.71851140162244
444.6920880227836
451.15773868915346
435.8696785725622
429.86180125989716
440.94984734936713
419.7638601165113
401.69466057159696
428.7188258419285
412.5691306218957
429.73015360991064
430.5454908082066
431.4164433006053
393.82683453618023
404.8202190182886
401.9007763694587
412.9646300314247
421.8660720609799
434.11014718560097
437.6417480726676
430.2456620239285
31.820293208976672
76.64622765233446
111.79735225412784
134.9210837924438
161.67523531853394
198.18129158236434
229.81628909407817
249.2372899750951
262.5125235051201
286.6500884635557
296.2872761721872
300.41214881868206
318.6270913107447
342.6457300839608
348.3952919059438
346.9135955678277
335.96074683370085
353.36597941542755
387.1656014416823
413.3970126165256
423.7065620905289
401.248966446343
361.57866952515394
351.07346769298624
372.0095578654215
367.9672206145074
354.9403916343976
376.13161156692706
379.314871867338
376.27463100838486
390.5241951637801
411.7128828522222
434.94048264178355
434.7476795547686
448.45295420643663
453.8907601284062
434.4352233658445
442.20009325632896
446.02416140549826
440.78063493056413
20.11098833424991
69.31186621064819
115.66550588180654
155.19708859608085
203.70809153290423
204.08568547968068
218.4987779084375
254.96029073929174
258.3586921900163
292.00783841630107
323.87649322844015
331.62473037634084
349.9700857957489
365.31079062937306
385.095621395501
398.1172550682576
410.84173322233147
426.8402463522529
408.9744189605516
403.20806226203115
428.4081563730723
425.7743811006211
440.70307126743154
415.9169373346023
399.6929212580186
413.6927028738067
415.7081782759799
419.07837245852545
390.96745782867237
403.28872826620375
428.2190866014163
427.2289463873452
417.9588542939738
437.58740645727244
432.6648114884857
456.5299244881341
473.3690005136924
475.0608950950183
473.7537977471588
471.75141645580953
19.435350938317118
52.89445434289066
91.75579872659917
125.45829951553172
170.70469333409017
185.88679377200128
222.64374159353864
245.4714861631893
286.7756165728674
306.5651759192984
318.8143973979243
327.26297859169944
339.27570319530304
333.2021992858357
337.8395531445295
354.89484457669977
362.2925245024769
355.5816591697449
361.44123049982835
372.9540076390373
370.758577514588
384.9282250517333
374.9134800926298
393.34195025844883
408.0665605161614
409.8520760902489
421.0233099287823
418.517237391547
428.8785356018301
427.89212772667724
420.23392007765784
427.8998424286834
457.62139436143417
446.1273283931894
430.27899128230473
481.2438759681876
490.8283965474473
490.01039500136403
499.01801263537163
502.3746975984797
32.59471350647269
73.9541806166
119.44934776652205
174.386762433683
215.67467689536235
240.80935631099396
274.7948198536625
310.2774471002779
298.8229084729262
328.6773770852911
343.10960474745593
358.38985424531745
362.42159554562124
376.7248774254669
379.92942366924837
397.9409940118531
402.1928060477711
412.39828166119787
411.14896555843444
398.05528546181563
388.13120968784074
398.0644170164752
385.69191611754655
379.8780075436072
341.9257916743607
321.82651929879745
345.6453131510923
343.81217610634695
365.1240057497666
398.01144917113834
394.0068183179785
406.0815936378658
401.61986052147984
403.49978828706645
416.47776089030316
442.71316407209076
462.46318147552745
449.29728200130046
423.73356544556003
440.3205903208669
25.496136133356615
71.74611313979986
107.08926923973394
129.7566534346384
168.25468022084047
223.07878265956177
248.27644311185222
286.297447559376
306.71607006569747
306.4236791224467
351.98287857892075
371.70236568606134
383.7530014414098
405.5332583185146
431.3267668961543
443.4126480781998
414.9376450005525
444.87055534896524
459.7329316225055
456.0005195849087
415.45735881036285
412.4861369259653
424.56818320620596
416.0051293357869
422.7075224175588
442.36269479479466
472.70737151561593
452.0575882709366
456.92242058099976
458.7363549145642
464.2823518818915
438.0604476313855
426.80226605503816
419.08086465920627
445.5951282615186
438.5294366768475
414.88768494199377
406.54238013911
416.09993083442714
403.5374538094915
32.56437678891114
77.63911376894895
128.2286911661582
165.51064110348827
191.7027265090833
220.43322140026802
242.65809445126425
248.4036011823683
275.6826675796539
301.8096956063677
330.3240025361402
347.9737569991673
334.28563925002425
349.9802112416229
374.16215303066923
393.6917702623854
387.80912475112336
330.029634130857
324.9606841785202
320.62753961300723
331.0003334709213
324.38260552184823
354.6754352433769
357.90402355179594
354.59440202692593
359.03768418943775
369.7096814926592
361.68858432773084
365.326860774614
367.1846915401082
375.22161015923297
382.13394459904055
394.3176704877747
392.6392367770645
374.4329012784438
362.9420472506695
369.41255828178515
388.64094661684834
406.2744749077713
431.7023020255037
28.41419615280803
70.1002080509719
121.21960512492726
164.93984770860743
204.83767855831394
229.45582087010854
258.05311294741506
272.43630307934893
289.45773106162414
287.9324965827709
309.97588481607755
322.1202177566166
330.72972961350496
344.3159638538201
369.3608937231208
397.0632245907192
392.81479681972974
400.3102287094636
414.1313651579159
383.7004628845337
379.8536672092197
377.67977893809416
393.7071082543237
408.81869512895855
419.4576117336383
448.31736615155535
450.47961324307477
438.63198857152173
439.0098181007443
458.0494385276122
461.49574742611776
442.18483181957225
444.7980812908645
438.82297403272275
436.2867228253785
448.198898128741
462.4843816101674
476.62938866663245
448.07493879714156
415.97002284425065
28.581198248660268
71.61920438769
117.77755103206492
170.20867541420245
210.40847869894435
242.74177577029386
272.3687439669964
306.752873814783
335.6657205716157
346.44809801185875
383.8350783152251
394.2267539155291
396.5552282151746
419.33640061639517
426.7109900770105
427.2424412176674
396.3245477365648
399.31819219168625
407.6382463697365
411.41035432832734
413.8096241104384
395.0921681621617
421.94873013746
441.0488626662011
436.74539583867573
423.083117005844
453.5511370092138
448.11910925354914
440.5238235621693
439.3030347905224
463.9317889979808
469.7375536732647
445.05563263308983
426.6078411061991
438.9230155210199
435.27843819767133
444.88917625024715
466.62482736267157
456.83381060241106
391.7057849019307
29.39918659256339
82.92510407490279
114.15649209591353
168.418158140177
214.29207842167403
267.07165715852756
307.11801133476604
347.4051420526342
348.94393249536097
369.5463558017727
384.3979914880465
394.0215572042488
402.3517557258545
417.97654127400426
413.43319950254437
410.3593449408466
394.3199903995298
427.51810738815396
421.26627886908955
432.44987793546414
425.9191719256006
434.85298692104624
449.0143849589868
460.82786452193824
473.03504662174964
483.7475599117674
495.46323883030857
506.3030591395564
526.6030105506072
544.162756196181
548.9942869484324
536.3783045735167
510.2823441747425
518.4093930371989
512.1050417666149
513.1574716064637
513.4700800567022
503.94100253512926
486.12192360162896
474.8939254367269
26.438340675593548
56.078745084374006
92.45030839605538
125.69053325069383
166.32010572993613
198.38364865019213
238.62061360145543
283.3531770473264
313.17456802465455
338.0937239389739
374.4343025875974
379.87016736158444
408.5240143383503
432.21212012391794
436.6731610366852
423.4714159812718
399.1131967667443
438.93639290970935
453.82529170662195
457.56051178148994
469.38357546689235
475.10225049950463
486.2703097989834
471.11481463040724
471.45594847735885
489.675856877692
520.2955625655713
502.59550235878106
484.1558360377412
466.39307303463715
488.3593479321373
489.10615067572223
495.3991077865501
504.94789803092704
498.41097495102474
513.1017205447718
501.49178798146335
510.9425410814249
505.9637849874365
489.8605106000318
21.567171458914444
68.29116091439649
103.72532569784549
140.86823191532866
185.0009044340053
222.59870783051335
240.06050278314487
262.6215658059567
280.7361356279418
310.28234913350667
333.95821034484146
331.54861867187
358.7581221161329
381.29423985343425
398.44841584884864
422.1373650800488
433.24976284676364
449.952541170488
471.1103268348003
468.7120901607458
477.3557528972075
457.2497312250668
442.91650441688705
455.4977858788442
465.20056587160485
471.84248947724126
462.3218601093685
436.9449424400564
460.8206313134862
461.86445365304735
452.0494870565553
463.5856935819001
473.80485471414926
472.3337725496163
481.32933474054715
483.81248404231724
490.7429608175701
493.1204652663749
504.4888146047835
521.7234845133305
35.58914467661738
93.92509951719796
139.25847797982829
199.14717112438177
228.54212102094533
249.86145973508732
293.78361745850964
307.86403541923687
338.1998707227158
342.5416484890246
361.72080417284394
373.49526323913926
380.87845834637045
405.67203579175634
426.6865732478197
420.8645310873392
448.19693504772
461.5831344545401
462.74339787586865
464.93783175627266
461.5968564727444
466.68969183072386
441.1291556048924
457.45205656229194
419.11084655496
364.6976696957854
342.70844127696495
369.49637454682187
379.1865241264016
401.04442787943276
411.20276227222547
453.4129159128086
416.82922129906996
365.5519360893242
372.36831913012105
403.4552517044464
431.1921591511549
463.78964834430525
465.2820951160939
476.6106458850031
28.09259526401734
66.77267235550164
105.17289133418836
146.1337107362842
207.13287044275418
248.37974969602445
271.3954924072566
305.4382185433944
341.99124395699164
367.8148613907968
369.0715023131253
402.73501169947605
415.4488983574386
428.95555758286616
415.805671437884
442.887370778824
435.4857817705553
445.1570475019601
437.29618811048414
424.81917923435253
455.3632573060384
442.45695755797124
451.3156351205455
465.16123206509275
482.3615308987377
497.66504668200406
517.3358062773607
487.6908440451977
466.44186127429253
453.47019765115016
452.4605702546857
458.71357264019906
491.3240490040099
517.0568098089899
529.72162647753
536.2591760788048
544.3198000378604
538.134591207437
506.759320603944
510.07482663270247
34.18989042246028
87.30640055175118
148.40412410946558
178.5893618352421
223.44826095909102
262.7011898874859
298.51396456567755
321.29727575709416
337.4428346640417
353.0818684278562
358.1252728288618
377.49306325167424
417.00418036513355
402.22941570138414
392.1857365337831
407.8798080668278
426.45356464713973
434.6339249188916
430.1233023784261
435.6880512985375
450.19109238128505
448.823217875159
452.17149831626796
452.0295273736003
466.5919022305875
495.0304279222153
484.4500466079162
503.18795671894776
511.5712554775183
527.3264429936248
535.5668119018544
520.9494387967427
524.1380404878928
524.4127843835088
522.745295022471
518.3550370872592
526.342749257444
503.30057095882466
522.4813524586194
513.8242757047781
26.15975092474388
66.47489724769198
113.48956593692814
158.71674893023604
198.86837137653183
223.38396142097062
253.46026972838933
268.16294345800264
265.04709208098393
296.77961122359017
317.5604554418916
334.01595982849267
341.86865079702847
329.59075154904355
361.51073506696383
380.9848115018938
390.2010518593254
408.7497078709786
425.8558906278047
439.13506036584613
462.7635324820343
500.86234106956005
501.88509665528335
487.90316735114726
489.0204981625491
482.574275907548
485.4786752977966
496.978882895535
514.2721154464035
516.5090683792198
515.9071340670987
503.5460013113398
498.7672134695406
512.6818744846016
516.4669200078237
505.2223928591821
511.0917740046929
503.5535902476036
486.2867203014161
500.5443247960571
38.15798963738021
88.28312351337044
136.98639500095948
187.86558286387432
207.7082613169052
198.4724232676924
250.8229877930621
291.75835492345794
311.4840148889854
324.32159241322535
345.18537205552735
368.9017319638188
378.5950539106508
361.65802575426596
392.9085556016252
414.52099221727605
421.26112773439274
442.9274972855577
485.2750283953693
504.2529058612782
488.32359383235746
481.05712171511516
493.0612825160505
498.6039615502688
502.0957487813324
489.4229476699713
450.9633242075352
404.6359646862913
427.94217183685794
453.47325377688514
477.5401450134008
484.69952223869774
507.95702744832323
522.6507942179206
515.7848831503613
512.0049957878864
496.9493895699199
505.8501643835214
494.0324449017688
477.4207582417764
27.650416614558054
70.52617343284533
115.75446645362322
148.6745653103024
196.0213992140413
229.03826992916825
270.3315541181999
308.2928425297201
335.1895891315411
358.03315696087645
393.7046922640383
424.1019320835596
417.5292831953075
378.4665221169222
378.2777810118826
366.2821315351658
375.8001295496961
424.10336820887113
450.148234464394
440.3897608038875
450.3142349349372
463.3534327917278
486.9441237412507
486.1112215585689
426.8977792884479
426.15325112916895
461.89501798502795
464.6278153695484
474.1241864693922
496.6066882094864
510.4102484896312
496.2476039018291
493.3021832131142
478.28486316899176
480.45876536022746
505.0462194810505
508.3836423466798
492.5858463774358
512.881030289119
518.1108564882356
25.633297552931428
60.18062854968324
103.81626958472594
147.25757393540752
178.78225364794616
210.6083053664661
233.34960272363924
273.023822071794
310.627831482016
329.06334615466415
338.59127141707495
374.1075691469466
382.46760009831934
394.3173160112921
416.42295034153625
446.79812254223606
459.12303536010563
457.75334516029534
426.02588695280235
415.3692626400316
405.87255697401935
437.86854982712237
435.79133981313583
467.68420224708507
465.0005100714789
462.8067814887255
482.5118290102158
479.78562219816143
493.00850865734475
502.735521323906
506.39326340647017
510.5845598404703
502.72720113488174
460.3037273429108
451.71372109746795
460.2254876064296
474.87841902638536
473.23608508233343
482.8625601896547
485.07222301586916
17.46389478671547
54.349640061888714
98.57637266286847
148.7433367933352
194.5982312611486
214.16924443429917
253.97582795250202
302.45056632540724
341.43051230830724
359.19584633064864
392.28258424228164
409.2536790882592
410.9259076340736
436.3808510317921
418.27383284526763
426.2028079142198
428.2651191170518
435.8705672540667
451.04295488165866
477.25481301348873
463.81289546552927
468.57809117990575
491.2628427397694
512.4399796641958
546.3077114587361
534.6564822431422
553.4477936352887
500.7253486000849
495.87250049325394
445.49797600336325
451.7102148992738
473.91357234801376
460.88890380151025
472.56179956125317
465.4448062780813
461.69501630626314
461.6823265842406
484.6641685519151
496.53017811145696
497.4781554921614
21.937908928326554
68.53199053357952
113.8597427164592
159.2810991120795
215.51087205400742
262.23985623952154
298.05536951498266
335.10638660834263
354.5530200228937
391.7212594434393
404.06497915682235
418.18462567146275
421.0164920983573
431.3097251907403
453.97791883588496
475.69563577903426
489.86857428525747
482.3203792796759
479.69647215995775
490.84405101775263
497.3801133849353
508.98848340965213
511.4041324547192
519.8020093570667
541.6340002212147
548.6440764520015
521.2983400238932
507.0173978703958
524.7350757493414
529.5971894626836
499.5023353707763
488.4565714051393
491.1440157883879
514.6923773373156
520.9705474632947
515.444377165259
500.3024747906403
510.7037696432612
491.32458282420816
477.7744410770292
