3.735362707396669
1.1689468031631298
1.6623936341223093
-0.6235634069282622
2.4640575553136497
0.9146181725448064
0.5649345829948134
1.9169865087945972
2.7056655343628155
2.384741392103121
4.157725119777009
-2.5023946172756144
0.33012625221592407
0.2537298277682013
3.9030203550484983
-2.9968099123635668
-2.4814032253326066
2.1485347100262313
0.2789951177477055
-2.1421560000771405
0.5450850430659094
-1.1552078115683608
-0.2897284588752401
1.5571147554335532
4.942788234589162
-2.8813873707954625
-0.6867372463694067
-1.8070752562719425
-2.785980756782934
0.0013332619161153616
-0.3535994424751302
-3.6980479165946347
-1.0404844453978266
0.4536855219434983
-0.5502164172454677
0.18984536485333992
1.6176868023276625
0.23201377486690625
-0.2946104592237507
2.1211754185906964
2.5505658690677286
1.6285802080234113
3.258797521537217
2.3785286714631795
0.3378882904656755
0.5007893985320377
-0.5036413303559514
-0.16034041996623136
0.24012360168776853
-0.9510223581896391
3.812167304687215
-0.1586291049833169
-1.1037929118424707
0.5452465089745726
-1.849820821246051
5.503186035112238
2.293105375435032
-3.6438485346739267
-4.206066287070473
-3.569085671057738
-0.6275816780035506
1.3672457205527595
-1.2543068446525147
0.12673978793293691
-1.9894028281383063
0.7097993856733545
5.347666600568458
2.5618128357048233
0.4691227934662129
-1.0603881742417347
-0.16000758548991656
-0.9592293781357709
-2.538023839138294
-0.18437372626958928
-1.6794265577633514
0.657020940093592
-0.12432198760320068
-1.2423911810120107
-0.8939779356061823
2.0274490273744856
3.485457854261743
2.762671751063802
3.808519485501738
0.9050409509929602
2.0380536054089258
3.1067863088694416
0.16208244689925458
0.4536462558858178
0.3631431912634628
2.639649251703745
-3.0107294000117815
2.489041659997232
-2.2046805967916514
-0.7161161743000807
0.09460854317197549
-2.340174099695454
-0.79100604171558
-1.3038079012771122
-1.77123924370202
0.053400127689476676
-0.25875576941783585
-0.9217523881135808
-1.6351169370575476
-2.0498043063776197
3.005736519006068
0.03451914886052975
5.150405118231217
-0.316852102832447
2.1765731313366814
-3.193972518735638
-3.3931294475892746
4.905957414960881
1.3274497189304006
-1.7953678022694421
-2.6092004311748167
3.2872363966917053
-4.275265497352249
-1.878708558968471
-1.2297105179879857
1.7759149101723288
3.6559451005010697
5.400017658012918
2.5533574869358473
1.6828149789485352
1.8878396565998061
-0.10585711432217988
0.5696940739825921
-1.497540941588379
3.616773431826257
1.8534551608263765
1.0911794969216262
0.5000221427558805
1.2510793941019633
-3.171352693224987
-1.4061185031526915
-0.30058371775455045
0.436571197361066
4.867822011129812
-1.2611372656873583
-2.9838962773672226
4.0355254274575305
0.4888568070665772
-3.46887278385489
-1.4401987893120096
1.7201234868657658
-3.68677281222509
-0.9205946591396291
-3.372495992839161
3.308220318025318
1.684845208854785
0.5573060146767492
0.010984205684606764
-0.595585358460179
-4.261969657138301
-3.9746854944123218
0.5970243183666061
0.599569628412145
-1.0174406606561766
-0.4708405665325665
4.428046609005154
3.3629782417644454
-0.0493304631639063
1.6750076425430775
5.263201696209011
2.3734301118000074
-0.4018000672488498
1.0891826269825469
1.839854896107303
0.8989741533050539
-0.029613103574290336
1.3538344573433256
4.475246983975443
-2.4824754045416992
-0.8578959518150359
1.7193330119439785
-2.094790751875218
-0.1625819660124497
0.25532895010617257
-2.0511781297220524
-2.6464119705072795
2.2445333701930035
1.637563562699207
-0.34881701976123314
-4.210857521383803
1.500782790604221
-1.460517195126431
3.53524174544495
-4.816672884562748
-1.7439833783817944
3.028064465979621
3.0387365550979633
3.9668734979871587
-2.8534376728918627
-0.6040112424563587
-2.472998183483225
-1.4064180290367474
0.005448173105745923
-3.1126409639536248
-3.7382230068136004
-3.1583536100247254
2.5823491994259102
3.814862509512818
2.7662781658683127
4.752586520377893
2.4343711031454407
1.9042640545974945
-0.6593582319437248
0.20931317207590042
-1.3832158321461452
-1.9207011947664723
0.49381035128438827
-1.911714618119783
-1.1897888643264316
3.3301578821695013
-0.06171347155685055
3.362359677915231
-2.7750861643185067
-2.2429721977960946
-1.1696698772188738
0.7936112304361761
2.7587708470636336
1.4360215081974623
-4.061845040223966
-2.92011010215636
0.05879484735306687
-1.6121191611339818
-2.871767205010346
3.7335832488052954
4.363037387943733
-1.9835749321178529
0.1436638002539961
-2.8092313029224107
0.26224648187259414
6.083485016327233
-0.25325939942133346
1.1213414299247213
-4.22681331923787
0.3367693716831735
-0.6833347910525248
-0.5070345900793025
3.410414188511215
2.4967235112416573
0.10285537617891549
1.9162757492260778
1.0884780266301042
0.1020987543777855
3.4367001284867658
-0.6436453286895072
-0.4888984943555057
0.673398865179562
4.730074852793187
0.7533960204705481
2.1002056597004475
-0.1479125536601823
2.271799916602817
2.913030312845048
-1.8299403052390943
1.2090127120008316
-4.868874518809953
-1.9012939621653027
-1.5118980820035013
-0.5227531782778142
-1.8332863445515988
4.307385322187319
-3.0234045655532413
-1.2848203288075288
-1.5911411222135707
1.7392839449793558
-3.0363044622784394
1.3821215007082923
-2.510788782092734
0.16565926584453677
-2.517468446455324
0.29161195210580115
3.9885446606757617
1.1847600574984454
0.8994550125628099
-4.0655538740901775
1.35456616782233
-1.7453780786276407
1.3512758528356583
3.940747802173936
1.997950821371614
1.567197910981596
-1.1129934681231812
1.5150559226659144
4.282025779112315
-0.6866848480726326
3.774542764410848
2.6174384026104525
-0.9427272763333351
-2.2160847095086402
1.2823939041067176
3.7083254826208885
-0.3060005448876871
3.171364433720349
-0.6645894030673379
1.6954711501524753
-3.0739507602888954
2.6876874227979632
1.0431543151261076
-0.31032184468494256
-1.2433456683898911
-2.947841055067532
0.37935959644587386
-0.4412379983574083
1.0786350402103553
2.3705953321368276
-2.754645064028774
-1.863180838754431
-2.021860608895661
-1.3029593283963627
-2.8879623919925654
6.730494929940233
-2.43850208903349
-1.2162124386701085
1.1799261117684434
-0.7673065792668524
0.7633120496790822
1.5565148500672699
3.710873515228933
6.0401287405821735
-0.06792784564676402
-1.1473702272376234
5.464237655330808
2.8049622592966954
-0.6831354030317174
-1.4724615515200923
1.4737953389971403
0.7887008550685295
1.9245788943618258
1.1876607462314253
3.9096910556039437
0.4564795614542918
0.5064953632022579
4.321059035490643
0.45309614239238566
-5.371224511082844
-2.2120390180517053
-4.533745918831253
0.42229151922347685
1.3273659229101387
-0.378924564101531
-0.23730721816413472
1.3866633905558519
2.0825884197894884
-2.1681403730015583
0.6818486861474903
2.6378182645055324
2.5909706431116764
2.7823647465561216
-4.902128593114173
-0.04942323473276542
0.6438743674410473
-2.393523901348349
-4.053203621665721
2.256772476009416
-0.8402867151376602
1.956618615586143
-0.20848898733498106
1.6623705440790015
3.1792734317450004
3.5285682729663432
5.167544773373983
3.3623806189561694
2.743439464043274
2.5477927804647997
0.24916966049340955
1.38585209220933
-1.8051908229130305
-0.5260587907244715
-1.262697131406159
4.2722910064947754
2.7766276167905715
-1.5882446181303187
0.538106001187002
-0.5040531842808068
-1.2350542689147852
-0.5700019164998731
-3.2385487662748838
0.24986575082455795
-1.8459838691750086
5.913042633948102
0.15761209302644852
-3.835032123323262
-0.7761474489046362
-2.322544887007975
-0.3225977504132405
0.5324523351691403
1.1919831544142379
-0.5073867732337272
-1.0762318315991741
-2.555221595614114
0.048352387269353245
-3.4924255207761146
0.8487469723675833
1.3256198870843532
-1.066602251938219
3.8588049621097364
-0.3772252585981262
3.303733913951341
4.39345269148728
3.421507048663825
0.8167825415470561
-1.7713409414108046
0.9397155379726031
8.73774720596028
-0.4115903751988882
-1.3101622165771973
3.52685225398884
0.09333336110366532
4.295446095860425
0.36274367942869434
3.74410512898195
-2.9691259309846854
0.1762551096619263
0.6751193345578371
-1.1563489761710908
-3.2292949986085544
-0.9956140834487642
1.6878739113902974
1.3422197936297398
1.9713375046155819
-1.117682536174561
-0.6602684356457343
-4.573637558569209
-3.1087282682482256
-2.7114288870755514
-1.6094403878954568
0.5873698434313351
0.8339861634844328
0.19507060124176395
-0.7612703521129985
4.495054264300933
-0.8711979356099693
-2.7584153093171704
0.932062487634132
-0.7963113879841589
0.45935065558761257
-0.49330543811693217
0.5419447302251605
1.90813669119831
5.855224836508649
2.966471500674536
-0.8069590210788231
0.920101647457323
5.058509712992494
2.821513431065194
-1.2645031240424955
0.8231717751730578
2.4416416942510266
1.231442241901693
3.7713074541067346
-1.2871349159441803
-3.696949151104575
8.132236497397908
-0.3096149997006855
-0.5519071340109322
-0.4215174813855605
0.2331959233864495
-0.5888672749060322
3.3071083522399416
-1.0419290467834024
-1.29528860931977
0.9908448139855266
-0.304837488648149
-0.6377709252516128
2.6764881402426974
-2.4257334265419286
0.9107510449231431
-3.077336504753001
-0.598147090036377
-1.2864547800738177
0.6687216192557938
-0.9877215249975504
0.6674556813384236
3.6862053545508577
-0.7738130812923086
-2.849467184274285
0.6926351727865434
6.830599898941582
1.642219661980639
1.4408171280595379
1.1224009372382768
5.192506013038825
4.0122909122977095
4.812476598653535
3.133683749227086
2.3909670600596327
2.66004757430989
0.8650109759148836
-1.4609047768434125
-4.164720407646102
-0.34824298262173853
-1.9104660336343695
-0.6438537274311773
2.5196537341688043
-0.25773577554889265
-3.2882225862812837
0.6243416625853493
5.38773565433721
-1.2710713612331526
-3.280269155093405
1.3461643219501884
-2.754263420958862
0.10562739357597456
-2.7338874373061817
-3.16234878570017
2.0289804633336903
-3.147681360540538
-1.6983972326227972
1.3524888671640187
3.1657240762219687
-0.7923491492016781
0.6481984704598255
2.027154577407113
-2.3678730145495903
0.9423834181282366
-0.015306128496664314
-3.3571352906162857
2.1013856269481686
1.4226073220839888
5.452168712175513
2.627310034109571
-0.533808464332483
3.886812200278706
1.6155795878426062
0.597050584366426
-0.34807418279880337
3.0829464617351414
-0.22083630353107514
3.8029608135693778
-0.2422351576419502
0.37342732409301005
-0.2400030547193461
-1.2228833718386405
-3.962022440676906
-2.3109493782856685
0.07125774160535639
4.182965074066513
0.15440597565955477
0.5980265831714542
1.55773066149359
0.9533195865264797
-4.971834088899695
2.6211618700729153
-1.3088247947104013
-3.582937683668884
1.3564130183403207
1.772444518390791
-0.5940258863123998
2.5049717743458837
-0.46774276060292935
-0.3100534262270803
-0.9131426361972282
3.0288035145016208
-0.9364547300977756
-1.8982182659860651
-1.3642765890107784
2.1441248307917076
5.820288323389199
2.120390587479701
3.963876180648859
0.7409676044079428
0.29451402651321607
0.9705132830970156
0.5036855943592033
4.011698715908036
1.1661464420365308
1.4079216315932144
3.6873146329184205
0.5068150576879056
-2.3488511555821407
-1.0683862115027756
2.458450876368395
-2.4578859219378475
2.5910082066841924
1.434053395099028
-3.0931272302011186
2.7412638040567643
2.1224500978951912
-0.9015139892286546
-1.6246898691138856
0.45573612841211275
1.4318054977507113
-0.9470778401067669
-0.6010347367756451
0.9959992330031766
-5.27674424375264
-5.400186520619058
3.1312116801640895
-1.6534531949630342
-5.757544178171047
-2.6818997486337457
3.0676036033368512
0.8853456202881248
-0.33198163808013614
-2.8844672695595936
-0.20438060178227374
-1.884167683680431
6.674366193844768
3.726313666078579
4.237509924826981
3.555318996456022
2.8173977083659367
0.16848382931131778
-0.10811304494585999
-1.0801087549376105
-0.08244938785230385
6.163796302237134
0.2248480207517034
0.652446256898334
1.2666363361325703
-1.7454401666961494
1.2249047994478304
-0.2786666017338416
1.0751630436554775
-0.9643557091935107
2.352708860431156
2.0736769313246723
0.6611517155297637
-2.220024803142331
-3.384813066499849
-0.5675785626103306
-3.9525737003366492
-4.457800525500078
5.047102882227583
-0.8780726667057666
-0.9576965686520291
2.6411461994644205
1.6274474764255968
-4.36446071009914
-4.31491000522202
0.41020527744595836
1.761172877319006
-1.3469257391137117
1.8331210465583168
7.460407189807315
-1.3317357160268062
-4.989688754808903
2.84909962776847
3.085940891790348
2.526761936450011
4.902426553665331
3.914691438193578
3.3188215590085464
3.134325436893848
2.0984153590685346
0.6989262997260159
1.5073111473537077
-4.2841496766152725
-1.8624317351866613
2.6561373690189147
-0.2994814752681599
1.0965424873128622
-2.5436133319506724
1.0154211866970662
-0.9727017288546272
-0.7956878488322133
1.333170695112685
0.6092107180207095
-2.007743303819408
-1.9971435864255518
-3.562685199849545
-0.0015526673789447614
2.7670928944100845
0.45410616821244637
2.4067559012976987
2.034162243064282
0.27061430118790486
-1.5871639694610131
-1.1216563410247227
0.40462557834011614
0.9097816515146199
-4.259305282302044
-4.639444534741378
-3.805799469789736
4.8134867849884175
0.324042521902519
-2.9653234383174842
4.2956220731599535
2.881834230181763
4.387319291907171
0.2408685010383035
0.9731361075271547
2.5626313607829854
2.8821520947978754
2.696226388465512
2.344419416348344
2.8775226035400743
-1.0414423083419875
0.4828733282277005
-0.4955601729393129
-5.021043155532512
-0.8839058912958015
1.236130941832445
0.6110614372881498
4.719575576753165
-0.2800798066532371
0.49197571268909235
-0.2812407448810659
-4.502694644643815
-1.0323448291440698
1.985006773799952
-2.2245654845276577
-2.884113470945554
5.855200641968952
-3.893637093976937
-2.2757080029877153
3.2867284071730447
1.4632717104674515
-0.224950747651387
3.4066500206649244
-4.11170451323541
-3.0441838705955186
0.3732868239563281
-0.37694437098460093
-0.9680486843144926
5.252901287516739
-1.5623798181547761
1.474327022208492
4.528945905402552
2.902705695998363
3.8286958794752874
0.8029241248589207
4.042850998397665
4.946515782655723
3.2730782543205708
-1.1979769922885228
0.2346516782709548
-0.4932204879307402
1.329622068544079
-0.10408604650042912
1.6629572447573515
-1.6190050289863989
1.086967957472249
5.079098835517402
-2.65197447564349
-3.7092941133108446
-5.212555643787659
-1.3048410231582983
6.482845055824132
1.2134775044253503
0.08576445434779009
3.085157400735806
-0.9471055070098926
1.560055021802318
0.5080514196047118
-4.586560718144212
-1.316814065742536
-2.759602838694385
0.21844967092005332
0.847570231820569
-0.7994102515057391
0.32326072495815744
2.7619142268631967
1.0568760123725764
2.397208860013019
-4.508006398792629
-1.6739044675070633
4.771400111750785
2.429939646379881
5.493409819741243
0.16767437875064053
4.755564580971457
2.7945148791744927
3.1467092882478243
1.4544677606459242
0.87280908192215
0.5578284645006005
0.4319948371440032
4.087586304157333
1.3945927792896373
-2.114709905146752
-5.055575332371691
5.1300820595005385
-1.2175880779090364
0.8183634992743796
1.7731686132297177
-3.475850340343477
2.618472936456284
-1.61349644146252
3.5181644425470346
0.7597114407666465
-2.5796186123497753
-1.8382326481925926
-0.19654706957865598
-1.2220959368131539
1.5845012065114357
-0.9722739428496782
-2.2112807792047744
-1.146355056464055
0.4150520231811934
-3.5028587974044925
0.18158782157807696
3.2475931879184436
-4.809867855282452
-0.8181326926741064
-0.798896007770275
0.9176923622955209
3.0566661647663964
4.369656164504313
4.8221331971484895
2.5757863548606066
-0.3668201924269371
1.4263414199408895
2.2899533215606014
1.2062848855746116
0.014670744497024771
0.8159562853561573
2.2628046334909597
1.9616731682093296
-0.3412949218259705
-4.748081899785672
2.656670461795718
4.914750607289454
-0.11090592730469598
1.3856840449490289
-4.5693271081342735
-0.8647689175476199
0.8966427924657941
0.2643253862704629
0.46192768110062343
-1.1848664328424783
0.8550170026276418
2.4961743626068063
-2.7472455071852626
2.02052941700041
-1.212716248415763
-0.3841582352689641
0.6505315962134643
3.607601172178018
-1.6962029173042175
1.6101870011609705
4.140291353389234
-3.449523422782095
-3.2071129087761823
-4.832945993357069
-1.7794435538912787
1.4017719293705029
2.697780026525916
3.7600985653556784
4.239317190715859
0.16112903452023283
2.2208920003288326
4.067493019279468
4.198580891025664
1.6643372435307102
1.5157796719115768
1.4997998855627643
0.010535239696196413
-0.33028847438143544
1.5251678447113874
1.9959655010565927
0.492493449361433
-3.036491773832242
-5.320871562186109
2.6052398576713447
-1.8240797365674453
-1.4387417825382858
0.38545950683094204
4.563985150403323
0.8585305256485348
2.5612149103668598
-2.2689205247222963
-4.165491436672051
-2.329462723176917
-0.4681280497009716
-2.3022036643110506
1.7067875980192788
-1.7107715033861615
-2.467246638643149
6.975165121846103
-2.158897182798764
-4.192029584462885
1.609652439837865
-0.9249079662884433
1.4765526077164317
-0.22258945066761793
-4.575986452522724
4.638475598296162
4.740529591127567
3.1477618065260424
4.013436988765
3.6599990051424727
0.5478725675737538
3.2156235126568093
3.2366137161335793
-2.088873152150377
4.7677046568706976
-1.289961130932204
1.1467418500516495
4.383012661534794
1.4151049011944556
0.5980293889761336
0.04769535443542986
-2.8359430947255975
-0.386382408147233
-4.135631398063156
0.8306105870783488
-0.5698150652450663
3.9757899189623993
0.14815533994449698
-2.6825262333035207
4.126374727308799
1.2841922887758739
0.4227385323470173
3.307029095516934
0.3950724937079256
2.7439513026427713
0.2756357716446332
-2.1073706914605093
-6.951682302482551
1.4705637207058802
4.466100397011779
-2.4439108990295066
-3.8804356445425454
-4.1476642665577685
-3.5419349913929974
0.21164478546930968
3.467650086208597
3.2321916197457394
6.4412299831995785
2.4186580922874557
6.4910611860108745
5.857301711746068
-0.9419674435036527
3.24366637690419
3.3523802918068917
-1.119560673344996
0.06021264131036708
2.5329930794831115
-3.9614435117457947
1.6455083634352088
2.3086239151122916
-0.6473100838038692
-4.928635853104139
-4.55375762488276
3.6756589332858964
-0.3620205097025089
-3.6712807966800987
8.77023261848521
2.6419613146522654
-1.9558004088081788
0.6440684509589086
2.894207064141164
2.054186207050335
-4.727116299711855
-6.581691454193823
-5.193378693504223
-0.3477247276951068
-2.973768998643527
1.7654748324383185
-1.3340681070286573
0.40949512073984656
0.5108301548549612
2.3908197942469624
-0.6237479219478541
-0.6879905404746658
-0.37210386753577407
3.4715958618878178
3.4664759872145914
2.9448314212358606
2.071143671435171
2.545432416805407
1.0223899317207978
1.4304864423509385
4.719517391641046
-0.4400173940678995
1.7393428324822258
6.424292096914972
3.9850243645723387
-0.7223006658327206
0.009411980754641945
-1.0015829508798737
0.3524089551274622
-0.6018541901297542
-0.43389249399201824
-0.6069109156747754
1.0068199325032345
-2.6529127653397135
0.005707199590991649
6.29028943465811
-0.36534492983507905
-1.6808261257419255
0.5623276931511453
2.6441729746686513
-3.805113754490823
-6.284185775716054
-5.275259575546134
0.9482879131968908
4.0715048879944975
-4.002267473808854
-0.8325313935748488
3.7502776817854246
3.075450462063464
-1.5413407369865464
-3.8120924184827394
-1.712513776316241
0.5707094214170129
3.600452924752044
3.9663112653098187
4.975739472333359
5.361200455880213
1.9487396249973106
6.797794435377269
-0.6556927550060756
3.9329654638131686
2.0322592243794135
-1.2246893905168437
-0.6612038696618259
0.9370100111662552
1.7317641552489216
-0.08299226248787818
-1.265126356726766
0.5597007205429332
1.9555026874648416
-2.279000169737089
-1.541512968373474
-4.136016401206538
-0.6281698038849367
4.113729705669556
-1.1091482019707006
1.916417397478897
4.635974953335935
-2.8532603391358053
3.0399504210657713
0.7279066092774019
-1.2495986505664134
-1.053497181908802
-2.9230276244257167
-5.41801289817274
-1.312915106265715
5.173221952433225
-2.3526329990935118
-6.263593276799084
1.565372010845351
-2.369496359243398
1.156948434489087
-5.427894870851022
3.425758301656214
3.8993970531274664
5.29427949296664
2.499992973302116
2.4722691057707515
3.3731379224239384
2.8287198387076216
4.432017217397422
2.144209156521594
4.203155900068933
-0.08273458976809002
0.04805393367241504
1.1683540173724656
0.12423732878975374
1.4831958312649776
-2.5460350617412595
-5.707875606597101
-4.803008801639433
1.1886294795978478
1.3342624746818963
0.5636510995367328
3.838106029596678
-0.7938963172898659
1.3438762303543346
-1.2741636038686426
0.868822667629915
-5.9479134901051625
-3.0304175228040604
0.601542918678281
-0.42377873682666395
-2.3955737134764656
3.106925614146915
1.8298987287921746
0.3727567689109383
2.2408579715020744
-6.791083302914301
-2.042678544376453
1.0386357768237955
-3.7140891112533665
-0.14524817210584706
4.6194108396408975
4.333514837610075
5.3265792623230235
5.990080514831154
2.11405504909959
5.7074554862253315
1.59217588225589
-0.11314659734424344
0.4346038412199664
4.845708239857486
-1.4242080040639584
2.959212880787656
-3.50507529728436
0.12729047351288614
1.7217412347838827
0.01474522598894032
0.7077381358627927
-0.05282319921669932
1.0553464539997013
-0.41300713164354463
-0.6345197629179095
-0.01520136404715572
0.13726765515676675
1.87059499209833
1.5210922080005358
-2.9896987640231685
0.10030034694265987
0.22083734496935403
-3.784779121232155
-1.4415207376888552
0.018316100235814703
-4.965060820180507
1.7164208283490328
-4.824293005255557
2.633917397295453
-4.884710510646456
-1.5951772604610688
4.1530608830547955
-0.6297275474372044
0.8706375567142475
2.8558873518377976
1.2892966601269893
4.4464792170925795
3.672385786734382
2.2685031241060565
4.9129345393747
3.5517720448944936
0.008543031175381088
2.7511385061631697
0.051092215022597656
0.9039528118754647
0.780619694611649
1.0423303296013386
-3.7898181450355413
2.1035958769389467
0.33028230735286707
0.4691871567364933
-1.9458094057992337
-1.162360435819351
-5.021232311060862
-4.047407559196148
1.993744242471993
2.2528538360160155
0.7263657131352035
0.6068137161960833
-4.15873469746678
1.851821330002825
-1.1317983043870568
-3.0932954373207746
0.9947553889988454
2.781813346280563
0.6199100955663688
-0.5857327417706899
3.0629876303986547
-0.46012935090447266
-0.47925285265094997
-4.24738107571931
-0.5658425854634926
-1.5151796271950408
-3.0434056087631456
2.7564217693587834
5.9779179451165865
3.0865710492434437
5.214211988685797
3.7042939278403018
3.0159979751893915
-1.6950428978505263
5.623706466417962
0.8493489170345447
1.8463808312646057
-2.0119268751435477
-1.4102638847218776
1.499602413301081
3.6293152294724154
-3.0221449990403664
-2.053285322226091
1.6915788192187529
-2.9263655819838186
1.4381584282793898
0.2127087601049666
1.9263897416572782
0.39419646734262187
1.794897109515478
-0.2951179094364777
3.1463030862648056
3.337739205939544
0.32803081932501027
1.3099920454022698
2.248220974472155
2.4428544204396103
2.097530202552799
1.1026526106477053
0.24903147229844375
1.8141889140319405
-4.38755759272786
-1.562290624676533
0.21885066607457543
1.1092344966599206
-4.875883916357501
-8.029779994317938
3.5753791072053214
3.7029587693018104
1.3839999916950863
3.126813999660845
4.660598663824958
1.6331584784174669
5.610638939937595
0.6174105747214714
0.33388077788058673
2.91344256414231
0.5790507591801902
-2.2638203485931845
-0.23658403106875697
0.2889536162020729
2.3841735633013306
-1.370148850506028
2.0474099746755563
4.520096648666558
-0.8888091421473964
2.5896875824854333
-0.9587202024447112
3.943893149872425
3.026378669341424
0.1314964767478698
2.2943426340475135
-2.021243836620408
-4.892902894717394
1.0025568605470412
-4.227287830091014
-1.8642514411251032
-2.136516759451316
1.4064697042867058
6.478599867204259
-2.824855247936651
4.109677133167036
-2.162157514576291
-5.138085767764556
-2.45360221007229
-1.125908708758576
-2.9053553938865844
3.5277420489911098
4.644695774453048
4.879045373814279
5.388881857215484
6.460467079852534
2.1443111164677746
1.7559845224886987
3.360157172295044
-1.031284942403321
2.2330054606862877
1.8834534677166297
3.864047489454255
1.0921953401169162
-3.884226051833588
1.5838840103658145
2.554224814028682
-1.3861649154179145
-1.6437045272550448
0.10243063794344676
0.1256688131497044
0.1083886397690992
2.8806196718932697
-0.31178009599397366
1.7271875797156508
-0.7810881189867548
-0.9878434964507058
-0.38493636946879906
0.698808263988951
-6.637571853978396
1.8695757622288611
0.41899917680236465
-3.478282187280651
-1.2769091802809727
-2.630386358107168
-1.0939849961017416
1.8761177768847446
-5.271416541773286
-4.978313816132276
-0.4740482333713105
3.2604520004848427
3.5780476438249433
3.3993965421042347
4.703430384871044
4.679912994730307
6.813519670991278
0.8918870227844585
-0.2966790638199599
0.1293891073198573
4.251007166729757
-1.6511670208137628
5.843581035594702
3.0254237332980365
-0.9994330794969558
0.7870119949056302
-2.5904540789703336
0.2552778205007921
-0.8428493507141511
0.8306854941397862
2.1248771343388677
1.140010689088055
4.355423930333696
-2.383910413958729
1.445305981071525
1.8021785284358667
-0.7707957009081353
-3.5287989393625674
-0.7135439135875761
-6.524830722565285
0.40283446022322733
0.5396216452005429
4.898337033592739
-2.2836383015409347
-0.5846314753623654
3.0401407529564675
0.6044325154971264
3.5805547976861654
0.47685218392751905
-1.5458910072124334
-4.204211018286392
-1.6394771729173143
5.552484313535061
3.7101305345817543
4.420243792476436
2.9543753303990523
4.1844426829429215
0.8746839570399986
2.2077519655939812
1.2150663834841857
2.5162356914121835
2.887963282727387
1.7407630788700703
1.8238259721270227
0.24345543093176253
2.23701246381803
-1.2584178665264956
-0.5229202048153295
-0.9696920857752153
0.5789563256562423
-1.7445907466882957
1.7277842771570484
-3.3745405993948063
-2.222246598092728
2.9689468221610507
1.2058776451630075
-2.9627320109053845
-3.244838627718863
-0.5025869372749308
-2.5016723755283805
3.1234154842738846
-2.140769169278691
-1.7379691646290039
1.2852049329802484
-3.7698377993682617
1.5089734913165103
0.22358489203304158
-0.38783582904418606
1.5606363336212634
2.097001400557252
-0.7294552773827488
-5.574724081660277
6.093335493117393
2.8043070583922596
6.095549687026915
5.525541027170977
1.574344814493594
2.922355739826252
2.340702064616289
1.8630769165807468
-1.6727974748012286
1.2633934119515728
-1.3895021319970478
3.964169410268865
0.6706114878286021
-2.329173166324998
2.1458792108865428
1.059024144221616
-0.42848816360615727
-4.340176814296219
0.8865393964301047
5.218028500927425
-3.464667802173175
2.8070132699005934
1.627497222145189
-4.039383285879915
-5.3395212987050975
4.022655236874302
-1.626131053213146
3.0180356745098433
1.6830149470162874
0.2810237404305433
-2.1801048890205603
-1.6806073207888612
4.745231855290291
2.6129110702416254
-3.366436087022304
-1.4356963516437877
0.5584239905769728
-1.8533748663715601
-2.9900090024980077
2.1356748514311774
8.306504600425658
3.17281629738005
4.550257186900566
7.2018429325655084
-1.0062991780832988
1.4965996548610558
0.327528883828666
-1.129605839024235
2.7621934099354144
1.632373748699211
5.119180072142536
2.4838064951010392
-2.9008032550707967
3.719225696038112
4.10898465881514
-4.502939998566469
-2.5941199916537596
3.1077349337711437
-1.1592163974981506
3.4317449874113963
-0.15804164658573017
-2.4906618462520216
-0.6130023332291773
-1.668932586776531
-2.979573994658584
1.1667582438388968
4.435278159076974
-1.5351823060665974
-5.50805391737679
-1.2524944275799053
7.2788094505254834
-1.0781834788599363
-2.376809373551787
4.613361906009295
-3.260363750294232
2.479780103410465
-0.9541620158412788
-0.7331628574473034
-3.1006826899699726
3.2473124259689965
4.278169425229802
3.9241453153547994
5.256016944994324
5.4590618939167195
6.313923072573236
0.25531979929006204
3.8011807515893326
2.226540979798175
4.844602541711894
-0.3866009756471758
0.530019660240075
2.6424756198150443
3.955264560510721
-2.6874333142951383
0.8803406121927567
-0.712922779937811
-1.5249244187453916
4.022910795959573
1.9923155498379703
-0.02962132656509584
-0.1490124729955435
2.0545169192508776
-1.5287868160026354
-3.0270779296505563
-1.4750753486276182
-3.0014093175812895
2.207458874684659
-5.845104991803477
-2.8185324180515883
-1.563290406911202
-2.3332835785133583
2.653464457129376
4.414519462413235
-2.0909189510856967
-0.8083295922285727
1.3143977117050647
2.108186761884672
3.0425971586141167
-3.684206898431565
-6.058534524963687
5.598986095241413
8.993909515288593
4.355983651560395
3.7288699170082102
0.3492738215829543
-0.09804642093719838
5.886890071536782
1.7112837284627753
2.2306704181670827
3.5302747868925426
3.7325763363810527
-2.127034617768318
-2.164755458533813
-2.226742365880892
-2.44624705404193
1.7543796566617522
-1.9908336065248848
1.3940031528959342
1.6508254988510562
2.0101605324943437
-0.2942904759876608
-0.4801796500672747
0.9291573775239924
3.251737239649651
3.303725089304319
-1.0150948585174815
1.4321087250780278
-7.000909561363752
-2.035495707175865
-4.076317008948818
-3.7421335170483654
5.384544124916549
2.5391488036270657
1.6332305343208533
-4.911961390976001
-0.9721029025523235
1.4045773354906124
-3.9365847203409623
-0.06403259107367057
1.5832204255746978
6.221092164951113
6.338939656307199
3.654021855962187
2.6531313667376333
0.37973644774235865
3.227731424832056
0.8851011252936036
-1.5291855650743749
4.051474042730592
0.07509239282072622
0.9538129542070843
3.351675556053422
-1.0356241946807663
-0.5090599577346678
-4.507532262286893
6.692549568262148
3.2187565696980065
3.315730410013803
-1.7526696714326557
-0.9056875512349136
-1.931139005424589
0.8973506610434497
-1.3390667211809857
-1.324876789012955
1.0094971203367542
-6.262765660183376
3.0922036339898265
4.142312809934079
1.7056286599694983
-1.139231169923411
-4.341670424875501
0.6375031180068568
-0.1140173421473628
-1.0017059821188945
-0.18940033237301326
2.03994854331853
-1.206179550850948
0.7618844677387739
-3.326218571895928
0.08182780277582707
2.7515613001028436
6.4474720377814325
2.9012432895236433
4.051704552334336
2.674314799371437
1.5661045680449406
7.300650880260719
4.279875310282177
-0.16657264934774527
-1.8060952419515448
3.3265192163860275
-1.5721957292740623
-0.35118398414606067
5.228332261641506
-3.261491632304214
4.112544640133607
2.9199281180221486
-1.5023762054057785
0.8366836550329257
-1.7080756737030924
5.727778093963718
-1.1105207768524903
-4.160349176180253
2.5588869200161106
-7.702875153493938
-5.111893763946093
3.5127119020492095
3.435418004835702
-4.123176785516054
0.4070070981252802
4.371613235668231
2.2390197129202867
-3.6478279816223536
-3.632218541107708
5.46693915078916
-0.053561560259565565
-4.572657889288251
2.4633053674779246
-1.8789846834897879
-2.284285424046858
5.040111470729438
5.808341518820203
1.632159593152786
4.224020587494721
4.716596267100638
6.5984774807287465
4.609993288045402
-0.5690024359008832
0.00902259061013956
2.5912846851541227
1.5395738903202894
1.6790161659469618
-0.6563691368211726
-1.0415299046325885
2.8475440090590265
-2.171302445256616
7.3116626856200675
1.9725257015387148
-3.5732014656537796
-2.357975470073034
-1.0523496228047662
3.9142834498779595
-5.871637112831767
0.10512440693383428
1.0410686893661156
4.487243637178142
1.2522277364740049
3.8364276859308775
0.0760830391303698
-2.5975279180975703
-0.6560361353903645
-7.460188078296449
1.7577882273472127
-0.11562310661593324
1.9580198056948344
8.033732048407638
4.725522982467556
3.0531477353797216
-1.7426031490936216
1.8943439689444825
4.97819272645533
3.057796808113619
3.3939192764724693
4.077921031072772
5.7948979320742575
1.9329517057053207
0.9972376778322746
7.379758681239253
3.551783816474661
1.0276797865280165
0.3186081144058903
-0.8454575473925051
2.3821006333995003
-0.9354960822139653
-0.9235171163501841
-1.1339289402925201
5.500532316755398
-6.167874894600526
1.8519396936653443
-2.3744813814418304
-1.2091074459569375
1.5855768474668555
0.13209177528130703
0.5969686138919035
-1.6384466616073485
-7.249429812504417
3.4124226969839424
2.4952044398941924
-3.898295532946407
2.326336203175229
-2.3604918322834316
-4.407851223966228
-2.1543902198123774
-1.4694844778397433
2.286188678677395
1.4475069277483215
-4.891943527328051
2.8681394735096872
2.799034211669669
0.4335609805452347
3.737972927079397
7.769987068123692
3.518402225246586
2.5713817707499063
7.181479729497289
1.2271370532507673
3.5422715735647006
4.2783579840935415
5.416862081013369
-3.371065664099935
-3.0333482917615955
1.8986663317884587
4.797442088228538
1.2920871200507096
-0.9375109763272303
-1.4147357558255373
-1.9229142783642275
-5.300171997226147
1.5093406330511443
5.352075601760678
5.420530395684296
2.612535841309849
-1.6920563950074625
0.1650594945338246
0.40794372519179867
3.524606412120411
0.04589388711337779
-4.488726267976558
0.9531772700119586
-1.4597018864410978
-0.16639567571788372
-1.1110911343890577
2.1642920445085263
-0.032673545532683416
-1.3571254649981015
-1.5776766693333861
-1.8426468873011121
2.543533565009331
-0.5906795809788541
0.4246241344059515
6.1521728233950626
2.5135869487763274
2.2677305752679513
7.479141255573834
0.9901317397503077
5.809143798259042
5.765956156878091
2.416339041332966
1.197737084873721
0.24491874107622288
1.7383998637161733
1.4618744757613669
2.161264804008941
4.216412111836112
-0.4767408556186724
-5.785756787227163
-2.133551155318004
-1.2710458817294639
5.201678348205849
-1.7760338522321855
0.07684822429204519
-2.699338887008672
3.9643310680847885
2.0172247890054353
2.9012211415939118
0.08682144290672364
2.9499006574042568
-1.9066721971330192
-3.456198343353587
1.5090812621418273
-3.725604074573201
-4.951684435910348
-4.298959891434985
2.168858006655358
3.568964956733648
0.8179470279937632
-3.2228565884942335
1.0337783979318296
-4.721215165906163
5.788928316606786
5.817249126613986
1.8475596283843903
11.297851145230222
0.07880009413760104
-0.033546636263923235
4.341619285558287
5.299386734329862
0.4114437735755431
1.7621480798901745
0.17354719999358065
4.922639973972161
1.2493552455668897
0.6242793735066352
2.896801492161653
-0.18796319353868876
-3.3176306804785414
1.6597200489649941
4.049154609730128
-0.44505369508561216
2.98508711566826
-2.518056461596514
-0.691301566862672
-7.403915039096413
-6.982408207857992
-3.855663769320638
4.607163121601181
3.218555031040828
2.7824928708515375
-1.0274407925427385
-1.8356773537264552
2.3245852464661896
-3.7917565570324294
-2.6372492383802957
-1.050192522477729
3.2459474946139095
4.675035389372026
0.3006458506625031
-1.579913528846371
1.289569884667058
0.5166945592860892
5.125810181489663
2.892524199963398
3.411052172848093
4.976085872284474
6.356444995657546
1.8092923032943558
3.114440703679542
2.9561158269199117
1.3340336425490198
0.270213098358957
5.673019597942867
-1.0353272651914076
1.2666842457985112
-1.2337410627091718
-2.009772938776477
-2.6301393302581
2.20197737683154
0.7015384175274798
-6.2048054832921204
5.048760977959907
0.2737834332859866
3.584444912603027
-0.9779974623190656
-6.89578464568769
-2.6840596964946966
-1.8719544778041635
-4.540366413479283
1.3863007821918565
3.0044107345243316
-0.3879118662770347
2.1947646202184243
-3.622378355705875
4.505418137228756
-0.23746958184263167
-3.576043520571965
1.6358480661701202
3.2999241079608765
-3.4906672096293287
3.625797664036954
-5.735607310136367
5.134063961483538
5.015051471534467
5.927299582144407
2.7400881660130496
4.141831723730346
3.9945029241041228
5.828297717729938
5.6515627254399465
0.3604373998986332
0.887407984406012
-0.17485246315629774
0.9926631325911491
-3.2353863203171547
0.43479756764330113
0.6144584454132949
4.445064193246094
-2.94756901916396
-1.4723899428409846
-1.351506891125028
-1.0073400734462337
6.973258892700747
-8.388272279171032
-1.5371615236233018
1.697950830676799
1.807523381163167
2.9781377500486315
2.578708341401071
3.9826719988327515
0.7486644327133231
-3.983283187316
-2.088320202022155
1.0399842726146151
1.2884566144684513
-4.552593663140256
-0.21605415394080818
-2.719978684552343
-1.1312843563762385
-7.176921581800178
-7.341761912229532
2.7893646046439633
3.8128303206599847
8.785902993473497
6.686534099733083
10.615632979757828
5.576335820751698
3.2482862183097168
4.738449578528309
-1.2660936770889404
-0.2545752798408087
2.2528842181790694
0.4604095723405585
2.337408469980748
0.028935165652560272
2.0103871784615084
-3.330001904821771
-1.8892910776709175
-3.460812505169896
2.8947321632685434
3.33458401075989
5.161068394244618
-2.8707171134666027
-1.1681680919779662
-7.056205849912156
-2.261288076059135
6.352193150004354
-0.14656156359614442
-0.26015185222053105
3.004613257687836
-2.298804949207276
1.060428603986214
2.480301451631818
-3.0660039166242723
1.7816977864175727
-1.120723416683055
1.9326318634829638
-2.949843981722083
0.742891380935484
0.9444877879939582
2.8502615286553
-1.486151063369404
6.368940809672526
3.9864513454089088
6.439355423309183
3.655595450398058
5.890190905136815
5.648292309972618
3.0238650661780637
0.7034372562278707
4.356924694666114
-1.341742962473474
2.1280632602745158
-3.6756620470748933
0.525275464922398
-1.989848521360497
0.11469845929207076
-0.4239379038714096
1.9987598554618322
2.3280961130111186
1.0785001388274211
0.2121580495351775
-1.8375005564016087
-5.183698422440666
2.3739908337332314
3.5962743806455277
1.9677836937316049
-4.285214196508973
3.434615282141944
1.3309262628520602
-1.982643668141989
1.4139586964158994
-0.2516043892503394
3.486462990944141
-1.1098062503610202
-2.498286678622856
-2.3635528446794827
1.3982319317057148
3.6984978392476133
-2.217643992927796
1.0881896219285458
2.6831527106638027
5.061098815391893
7.426426146522687
4.756597668475362
8.832122538159231
3.0087585203366114
2.3115873216566962
-0.6392091476580279
-0.8286760491845258
3.868095463314602
1.9753570224280226
4.797747398906178
-0.6379024207585408
0.9728366717589378
2.9477167091497303
4.6727004207579474
0.6382300273457348
3.3108485120793993
-2.7683025620483135
3.376725632918712
2.7494271974123947
0.3824647956990998
2.123178651167589
-3.5791073151297277
0.3120741486505681
0.5460873863638831
-6.995042559475553
4.23573012211965
-3.1954501248873237
-1.5964810458168652
1.8601358352481272
0.5594114813853382
-4.293658313825375
-0.3295430585053932
2.2273772624089943
-1.4279716917153924
-0.981728780283011
2.906835515976168
-2.0951604352996926
1.5187458487815646
-3.9683945022184646
6.306574273774978
4.887871095027988
4.213602408408541
1.4951932144907625
3.7252344192060014
4.065035035127925
1.1627723330715416
2.522841721878337
2.7404414545844356
2.3627592329281706
5.489327395651109
-1.0210574801269587
2.923277097724901
1.6246255433790024
-1.8009768999821854
1.179957182277504
-2.2414628278613007
3.4391585072853306
4.850568664623472
2.205539463232232
1.974132749686734
-3.977572506707563
-7.654415388274876
4.512240559727303
0.9965913913710343
-4.908739309590216
3.4597290407342056
1.4402106743557002
-3.6601085279967034
3.8915052282594025
1.731287450367968
1.1696161197091393
2.3810359935435317
0.5030867862261773
3.550179486748948
-3.0503378795890654
-2.616668435307267
0.41096891375883865
0.2776278082146878
-1.5134875119117548
3.8298414014273456
8.788629650757844
6.913032888000678
4.817785012177625
4.428804543907639
-3.6741710872256164
4.477488918387323
2.341986433098302
0.4678750493649943
7.400172222926054
4.039326977736942
-0.8295043063908081
0.2440771198779539
2.9019761029542233
2.2525901475428136
0.3211020549027337
2.852471489790623
-2.947976499689401
-0.1621914231995943
-1.4208626121335786
1.401691614798944
2.421570466523827
1.5416820955393729
-5.276316528193968
-2.6822306631549426
1.1340975475066142
1.53022119417615
-2.092061041349516
-3.1472696031224983
3.721657051643369
1.0399077058330397
-2.4913086996626506
4.703243558451263
-2.241681891241681
1.873820668767442
6.4061818236938155
-2.2123677290031347
1.9949007700029615
-4.974535971462443
-0.5713614562582984
3.6531516167435796
5.8563197748602125
4.593638551520586
6.169334756340926
3.9005834839583313
2.356610657423254
5.724485762850948
3.890771345701625
6.218630286335222
-0.1368040932839299
1.0859045436922237
5.954742872637167
-2.3375260041081596
-0.02809091701441389
3.9878366526445244
1.2664348003385726
2.4986294594828884
-3.5464903414120545
4.764126333064834
-1.8161189963539863
5.262182429380665
-2.469451564610746
0.9820860099123161
0.5678018600454127
3.95737653207189
-3.163605584206226
4.869294289931448
-0.6011001838986602
0.9051628336180243
0.1057663204509638
-2.0284562462060713
2.021255769653301
-0.39550100060778826
-3.743823395346346
2.190965607976106
5.935146511746665
-1.081181742727669
2.1692511966178625
0.8049515154330572
0.9799756599205728
7.01788548928761
4.793828613901689
9.391208051060179
5.045330697454779
2.915496671363785
2.254203226618685
7.200300828256926
-2.1759701363404282
2.0493991149823496
3.1333133377345512
3.1695644707690853
-1.2257824346897177
5.0927571262108975
-0.4344600298727889
1.9527628943149595
0.08083204269394377
0.8863275892302247
0.740976691769049
-4.7947787067587635
-1.0509246751917678
1.0591398747759126
-2.345531663910924
-0.18978188675838784
-3.663007020340812
-6.919918952265927
2.674396719194546
-0.6962387579744954
2.5038682402173946
5.90228193012394
0.7200398725654752
-1.204676780058538
-2.4949533868318987
0.30483612607784905
-0.9452061633957033
2.302683304901289
6.147163198782468
-3.123917187115564
-5.484175255809751
2.095855894311882
-1.429051628345372
4.387924679925798
6.504655966361345
3.801375205130868
3.999082467349314
7.001462784857925
2.822819823376109
6.9336732565930195
2.6127783299003386
1.6582198510691846
4.219788419893589
3.143011145199588
3.587520007538782
2.8272327765123255
4.378975550222245
-0.9711433928410733
-0.8243882250224542
0.9994493115470766
3.1120568249110137
0.583625589584641
-5.856866757783262
-5.011695416281076
2.5790715362235592
-0.9286877689047665
-0.13472633514754578
2.0587438487724667
3.0609677183412813
-0.8609658966665156
-4.68131349811755
1.6355008715711834
-0.3059119789266104
-0.6787194208284545
0.3758978606517571
-5.154350782738302
2.3465381301384043
1.760954011269016
-3.30098114013364
-5.764023627040432
1.8681520061389003
-0.6407119809705318
-0.6611472502829076
5.713721567036624
6.908478565062225
6.670133985532171
5.398790699047755
4.0127823540729946
3.284417907439326
4.287204724390814
2.9437218654823405
3.1265871039176325
1.4466929712761696
4.907485166582254
-1.7859310437688132
-3.4502600693742824
4.267778516298773
4.227437989026624
3.917744529730221
-7.512220687543888
-7.144446168881808
3.659578660168767
-3.4329783486509426
0.7747903663906459
4.235508357650304
-1.6302587138032003
-0.4541895957190882
-2.7526397749884546
1.346836536840119
0.9953145333254163
-2.839728057280239
2.9021088968654403
2.512960028255844
2.147134753005464
-1.6023903203538774
3.255002999088283
-3.9984776415472525
-1.6707361589233183
-1.5582887165507886
3.166150327139107
3.1873477427272836
3.4050396684967246
5.350436699006759
3.454908931703989
4.82076122029608
7.586943802384756
4.996230104252161
6.935510031963352
2.0276682538580526
1.229759661209419
4.594625833852095
1.3344736408688422
-0.581283179646413
2.5233070054990914
1.4511988175223343
-2.8243626199470673
5.484374903265754
3.0764298307659512
2.925154095496404
-2.010997021535742
4.266747660417246
-1.9268242377374076
-4.401359291594335
-1.420492758254765
3.0809833118602583
4.724127136066194
-1.629955715597728
2.091606382667726
0.8527985712987551
0.873126735842615
-5.163357145025171
2.561744444180795
4.03074483299722
-0.9296934987248991
-4.090164086581769
1.8021962504727167
-2.6449733339060666
2.8792371408391966
0.3608721140407715
1.6547782080119608
-1.7250122742777803
-8.355685327552333
0.6751054739017596
6.412950139045963
5.922627120717885
10.808478878970295
5.140013166523458
4.267295666129337
6.089546096031243
3.0873720720414046
4.219527165595484
-1.5096312559498861
4.349362967968825
4.232403176195274
-3.768543532738052
3.3226593271172122
1.9260936795997876
1.6425254061199885
-3.387263624821165
-6.2543483245504445
5.306633259055746
-2.7161508576916362
5.121609389098782
-4.110780523515406
0.2226296393251323
2.503646664502169
2.993224404009283
-4.860452119371496
2.9452407273224313
-0.7275560424312218
-0.7932878287244309
-0.29286080611182663
-0.12697049945981895
6.12078350496428
-2.1961984333913778
-7.927823995424495
3.9157197511333415
-1.7563688524993464
1.4345220290277154
1.3856792766038883
-1.3829547836374911
-7.159980592813526
-8.30937837258846
8.556998400409334
6.483645496206625
5.353291529412334
7.188385931358988
8.715204260183151
5.576318201334601
5.536141256028014
-0.09914171644940552
2.8389774570335478
2.420486229363136
-0.03826124783412388
2.376465593054119
3.280580907939884
-3.485035434367108
3.4214691989205748
-4.55716337141562
5.395311095786198
-1.1258434318437358
0.5191502198483782
-0.9627330775267617
-0.05674372341216713
1.8545872975463222
1.8766003259230344
1.1432323866176939
4.101788934962173
0.7378441962313068
-0.8139771413949364
3.3274017180241104
0.7586851161703334
5.366821651224278
-2.1788342333131627
-2.723449317782791
0.17720125858918664
1.9993770084275522
-2.1638061569656317
-2.88356090896081
2.0730524207162198
-0.41302306315638837
-4.750888294907757
-1.3035188196890015
5.223785949094116
4.737737791924394
4.8671055543876065
5.641374587578294
3.455410647930836
1.959176526805727
6.4561102433136695
4.576508722198611
5.2442233108255785
4.962831719641932
1.399455311123022
2.9336687273349327
2.4210564098630303
0.16007836631904637
1.5551271639006155
-7.6026806642634845
3.456363421452739
5.322350696010019
0.5586427988003317
0.8252460613651299
-0.5926424779197743
1.5041788298391188
-2.493813400517847
-0.6012800928188501
3.0441425196678376
3.6471124797347456
-0.8751974616205916
-4.794262912846404
-3.5609555679646263
3.534666726981771
-1.576576010925911
-0.13904640633647342
0.3542437544614174
-4.1823883651548925
2.9712965051218414
-1.3591634260349446
-1.8056805541645504
1.5981956758475906
-3.7285806823485492
-2.9825081690194386
4.5636664187106435
7.486729153993323
1.0281426020696995
6.962916626164763
5.95133887344198
3.110545993394151
2.4617115566679377
-0.6604574151953507
6.417034459415983
3.3688316054722147
-1.380794642655606
1.709341125299988
1.4646385370308368
4.617699470999034
-0.9583323677410749
1.2389114055084782
1.8581019811288253
2.91932679093474
0.24073982645052958
-1.3742220621932004
-1.3524188232956176
-4.797086612196127
0.44271879705099126
-0.33894397428826667
6.473104771476024
-0.8742905727193151
-2.3781481850170976
0.6005998029159036
4.725973178920435
-3.632874219915906
0.7523353702219872
-0.6198633228673054
-0.17960560502594466
-1.0931384614726802
-0.38105336348523794
-2.8005873091545523
-1.821750368344623
2.146341147147798
1.8594264048210025
-0.5145621294298527
10.699406441479862
6.780139372143791
5.810155947207411
8.56540578232557
0.5992178522787976
6.599874301266858
5.91208525450833
2.8670400369780515
1.6810781207522425
3.1030426010388963
1.693586701449164
2.0964443435392015
-1.2771436015711417
4.966641623262546
0.8693440490695664
-0.13517584552879133
2.9578561645223154
3.5053237477286485
-2.465446956816616
-0.6988557512761272
3.3070515226049797
-4.681746709710871
2.607617562418771
0.2842847690469148
-9.63239489907135
-4.837762440682552
-1.326163927335009
4.988077028226312
1.5737791604258013
1.967407479411337
3.807498310330671
2.17617568252787
-9.65474499386826
-2.3434312032608515
4.169217722120128
3.4408089699950644
5.694993528861081
-0.7103201404590154
-0.3750016631484091
3.564831099705394
5.1876381657770345
4.835475383017572
3.6837252677536245
9.372979780012214
7.423034244510245
2.863106402950719
1.9684843367590363
7.306690505080532
5.801162854047001
3.2414919768539185
1.6463207378696523
8.360603386062047
-1.9676002820561336
-1.6053225171050718
2.7442283840538177
2.6181992096608626
-0.7412538305534458
-0.35774907732465727
-3.4360556173528805
5.023724577264198
1.5462668376379791
-0.811221454195657
1.5811363813711445
2.5125429640202745
0.9663510207916661
-0.2206076305498534
1.0478279696076185
-8.433260457740785
-1.180980124103897
-1.2260257568755037
3.223891452281422
4.165930756120877
2.371415904155603
4.648347868961939
-0.11905950173560359
0.04129717789694359
-1.4700910514820393
-4.145277678988338
-2.7841146853808585
2.470893447537833
6.599866741367955
7.9084495560716315
5.443466776244144
4.463378731294399
7.171205480046062
4.517638477413133
5.199669400579434
3.1530043400898835
4.208697784652029
1.7744840240245994
-0.641898439360612
4.857873278564183
1.4188865216254631
-6.01907557874277
2.2894809161842633
2.441770849940617
2.8936589646389193
1.2805968158187184
-0.27956866362050503
3.134351725244482
0.6965139110187645
0.0524131641641618
0.20091360743765677
-0.028989291619076766
2.548281640472482
2.017962818791255
-1.0765493964734998
-0.14611544961904543
0.32048636424158394
2.208568853949791
-3.898227667224775
1.6132514418056085
-2.070263098743711
3.720746006297429
-3.508710179985165
0.9807960409971735
-5.107445895031775
3.5382734962277755
0.3225929495608307
0.4225383219626292
3.638895682282039
8.61038751282702
6.351327799609329
5.9808959234257
1.5994085936420461
3.646761183230813
2.8715324763879773
-3.833468329097781
6.765985043895953
2.4052117040036345
3.233434523832276
1.1284591851600445
-3.483665926776464
4.923863928840734
4.614038680855932
0.467453616920488
0.4239719188052004
7.827087254588152
0.3941488116136454
4.351163788554817
4.531234771743507
2.5655087212260486
-0.9923069027662706
-4.76999795296108
4.130485847257691
-2.302961113599935
1.5809597229407704
1.6647340853681396
0.9408425101071353
0.682028129688731
0.13229408125337705
-4.713678206393264
2.0558853394269083
0.4077566429855956
-5.21297330216137
4.84531463336368
-3.775427425490211
-1.9285524525253077
4.126177622426536
2.7715481666463537
9.26839724259505
7.746171844764492
11.501956473755197
4.387035395177911
-2.932163762715787
5.5725390234067875
4.496515163062164
4.846780183584903
1.7637273425013789
-0.7048866651227531
2.707163392003027
3.282029255267402
-2.485165933100076
-0.5064836485381827
6.201330644859527
-1.3073457153180472
2.752000214781886
6.821421940285203
5.086202663283652
0.30868800725415624
-2.5469671221115067
-2.9947343752797977
5.653677517863028
3.0874403123586314
-2.5917352685764854
-2.259802367285716
-8.426676932404312
-0.6633428534390616
4.4805507127710245
3.4749946059815167
-0.261633428045594
2.8355427684496814
1.9806596749755707
0.28576593877131656
-2.5614539996284376
0.07774367382338937
1.41764401968742
2.2692477768896016
-6.536974358203524
5.356625719354814
5.974704754594855
8.312485901825003
3.7435827393027816
7.170044886076732
6.163381552042918
1.219652039920383
9.242293163245193
3.8715406633387457
-0.5794494432181841
8.076486976312042
4.591694184879749
2.094938528152753
-3.658613220291938
-1.7658665815772474
-1.0879541545240676
-3.271910530077947
8.446673264102587
0.4655993593865312
0.9748981760043814
1.438311704560367
0.48526138575716365
0.1909352688515062
0.5124143194035948
-5.618097612503629
-6.22495004761879
3.4322442054865734
1.7647406348656567
0.3860750661336297
-0.0389502823948701
1.7414239134862164
1.9042379842293422
-1.2560717672219088
3.3884563947523914
-6.291897157636609
4.080759512927225
0.18765476978191623
-2.1294187132122486
1.9015325949536008
-0.8637916181951796
1.921631427229653
3.580483588339631
5.013581494623053
7.282741461423948
4.22939959847859
3.95265471164439
4.304913489235485
2.735433634286385
5.959607312126996
3.2500254600173983
1.3522150916200422
6.021496374719923
1.818212703360115
2.259235391926857
2.309442431064309
7.9144017279618755
-0.9318934501239287
4.528821120345652
-3.791077674094561
-2.9456194112494454
-4.007140464892038
5.896831329525941
0.0536494380975887
4.522655289166989
3.999077712243743
-3.211163070726332
1.0792146198286985
1.3157749783143244
-1.393410104170422
0.5513848347150815
-0.8246675444957007
3.0218336504073777
0.9764791503385089
-3.311367034940895
-7.628605298681363
2.170548951830992
1.425076831228707
-0.25956439736661174
2.9102412158453244
-2.0898830414882785
3.2700354585209954
2.8055591637826605
7.92299943746273
6.505939539534598
7.82746906824568
3.857203033948719
3.5879633067073247
10.35980798762156
6.264623978346837
1.233749964295379
3.076938156218444
2.3928063728860627
0.8671984428439148
2.6513996300099696
2.0433702667135067
-5.17458963589273
0.36212285595836463
0.6010425072410603
2.23980945427535
2.8072801213097383
0.54156500894886
-4.90808702282485
5.7074743549392934
1.3303121362926984
5.260619436915577
-1.964374110347328
1.488728627445047
-3.5433533840268603
-7.414406035099571
-0.9357715204682413
-6.562782546380063
6.80235075170919
-3.7366728566706517
0.8742616972180176
-1.0089544893128917
0.6251390312288003
0.8348190460997196
0.8918580758815212
2.2399890185844478
0.8306126727097133
1.4078139935717349
7.664544293523635
6.279109258119472
8.485327030530069
6.59318715225334
5.300162344860999
6.111521615287969
3.307211629119597
3.4195084989244426
0.7011217121002112
1.742455196881559
1.7471288393906053
1.4687172745562782
0.32132397734478924
1.298402772920107
4.534389229809473
1.092192893763413
-1.1451587876278728
-0.190947631496967
-1.0941488232369994
0.3742544917304385
2.674134492505795
-1.6224924363852058
0.47440667962025873
4.314557325011845
1.9022930323431178
-0.2805524714538965
-8.935578343796863
7.101761716665948
0.3462243699931505
-0.4824269647700371
-5.337904599720528
0.21424526559693322
2.2506983584278033
2.764746948557978
-0.7255864036681035
-4.602548319974552
1.7577275447615854
-2.1960569623406783
-0.6132736606011303
-4.442709893555097
