8.595628925000284
5.5172598612689105
4.930845613654928
4.025044445504724
4.896808584394723
3.93588291978979
3.9931410884922833
4.299175133742097
3.8415668939641785
4.354019714815148
4.118325837243373
4.55090077088345
5.062287057344822
4.7523128573298585
4.178534778415545
5.015376631349092
4.993241675577638
6.518948194683581
4.561818535747761
3.7930612589972297
5.269639562611283
4.675727360133501
4.776995709953471
4.834871756949351
4.529798898818626
4.105206493001264
4.791279668252295
6.082882756292296
5.100535721437099
5.234893686291567
4.201038572384741
5.483797056811107
4.851043549752035
4.729906759099248
4.601810781676857
4.830001336138384
5.592630030469887
5.953083320294816
5.048461900990919
5.299470716483622
4.264920677032594
4.478952198555366
4.3908736267194435
4.8489944540389205
4.194580640569026
4.929219420831903
4.504483152676701
5.385520861585805
3.829477584597218
4.341853664677853
4.22238198080112
4.463203809209682
4.816383695422576
5.191929331249078
4.353590581485166
4.977802914925347
5.490030820799
4.153125891225901
4.927275459636857
4.620284949582772
3.7922930185359456
4.102810538511318
5.398500187753619
4.489191318757675
5.201364206866579
4.764001360595248
4.629151831098105
4.964670174254207
6.215527583711309
5.8238241217774736
4.543546983925988
6.756316227890639
3.946981804974138
3.9979554511554425
5.484775050645732
5.065278979658643
5.183129372822854
3.955976833882392
4.890216583737099
5.255732899513631
4.924347948856834
5.183193536589357
4.98942846054233
4.148034962732958
4.178480441697389
5.707403307634946
4.844988938075543
6.583847621967339
4.808973413870315
5.400612491082685
4.197534172981908
5.709455289013105
6.646748778935633
5.678109261938516
4.9758628108816785
6.059882923105358
6.095971116584145
5.4984753386142255
4.8337520068511095
8.117739608091078
5.502402018672563
4.515374980370263
4.826366972137849
4.567049684165117
4.198306822056064
4.87183107705661
3.8956087807466373
5.666490170076919
5.258217155344259
5.3501872833494275
7.011848044385908
4.094097053641792
5.213961513035413
4.378647253033934
5.986639124632018
4.656603758419251
4.988811737386549
4.739264762011931
5.40442758171181
5.399391320200302
4.189773659258729
4.404311654979939
5.598228545326618
4.812426390929813
4.978376623641376
4.867806877220486
5.138201835516682
5.6591123952384565
5.309602718780006
5.577965323749666
4.745302568245595
5.665404404579513
4.792626437768125
5.229378760528334
4.824225559690852
5.079228292273265
5.0430530706183525
4.70302902458461
5.287093903868089
6.119230410449135
5.303157282387383
5.608125865915723
5.513088383477407
3.928295205808013
5.56890266677999
5.3657532006538515
5.334444173516237
5.371964021007794
5.358806511514006
5.22958195276052
5.312988160275505
4.375287819252216
4.99833477675567
5.73216692520809
5.7621843050430925
4.565582783765442
5.043296818697445
5.244289832616168
6.111146897443411
4.523392835673703
6.235305321826271
4.0264558150602525
5.21158671152398
4.746873148248855
5.34584024557473
5.540841784818496
4.503417366232468
5.34582086367475
6.34672978275623
5.624461114351211
5.263194785891805
5.183881959182393
4.789623080082034
5.776493793899149
5.150728265631181
6.142130212010056
6.3646551480595175
6.01901655640828
6.412174986717095
5.075007799526422
6.880879293047625
5.689488096083389
5.687360574314331
4.528689028588258
4.8222858326939475
5.125039730415778
4.626953957262305
5.75316543610553
5.7214563919866
5.498373928197152
7.04765238220989
4.263903744779036
5.191745690920254
6.0590891939438025
4.825783519763992
5.798270068536933
6.139495631673497
4.314225454340949
5.85315256192099
7.663818512096958
3.935292236449157
5.454884751351796
4.619240984122762
5.942603378647393
5.839866966053694
5.7812334958904525
5.389195675047287
6.991794388298055
5.823572629277327
7.010693034535208
6.023807613298648
5.679244024481454
5.998337926309905
7.099196201757728
6.7486384725423605
4.583990812175029
6.745019713226981
6.22531770633414
5.1239787333169495
5.294440414840195
5.620105955238269
5.730645212969343
4.92769035446658
5.907281790259887
5.642573850084141
5.2764120973519635
5.345003115951559
6.252771389874351
5.062573219070528
4.736107458803537
5.029714412543841
5.380175499260233
5.806982694092727
5.446871652808115
5.612758477592627
7.305920591216516
5.338054182506275
5.6114839603282345
4.690096956229257
5.143979179948577
5.426705005066948
4.914356734253833
4.79122313949775
5.195911231086242
6.995669614220436
4.521790091464014
6.086944753307458
5.8034746753619
5.432818875479225
5.69579460546114
4.61798990665055
5.719309955825695
4.987651039752079
6.310348681969276
5.445239539298646
4.911922567226318
4.7538315635433825
5.613439494449442
5.1269993676402486
4.976235290328523
6.018818928738025
4.2851281991139425
5.9917909955009225
5.1826951309791855
7.7079197606740255
5.665399793750263
6.997656519824985
5.580678635448705
3.512902185328222
4.95836016240434
5.339655429521106
6.548800165233258
5.973196817054649
5.7158777681897135
5.672796878969415
5.195754884043455
4.8637494013433775
5.1552614978257
4.66941103101348
5.658050621831929
5.684548005439609
4.0281444113495075
4.704317146997569
5.330359086189144
5.315807542895988
4.614703975506913
5.294000679817234
5.5658555263667315
5.233417962634474
5.643692984869656
6.705928173051184
5.51988607850299
4.7829149528052195
5.586529361460535
6.33819037218267
4.175234115798732
4.746245402694997
4.799912315939417
4.981434071746199
5.605421661610378
5.380960425918094
5.292638071213527
5.596956199810063
5.958124594159697
5.904001484428259
5.478403055404848
5.683493330571298
6.310266844854094
4.246082697727706
5.167658090713025
5.68492303335021
5.478048167133575
4.924106785166606
4.886056429001423
5.962090276271379
4.3184360213533814
5.424664277859131
5.712458158337094
5.460832703801453
6.29644369676376
6.0228505367799725
4.700793121350162
4.955680200428277
5.280313839318001
5.295252800078342
4.387079276586502
5.139847646879179
6.282105215925762
6.629311926644387
5.531922565675249
5.308535423306119
4.4669142001498034
5.999154392398914
6.265382549933958
5.525862444265455
6.274394618837513
5.406756981926523
5.952236934788462
5.593745237001951
5.441844815936316
5.238040033864842
5.708823415670037
4.930379326305183
5.212470916108651
5.434231040375387
5.7234779177676
8.0026038984466
5.868198508520122
5.446014024754487
4.668577713746401
4.408028748554331
4.737517903811029
6.121396446534099
4.820667485198004
6.287717433831056
5.261441216414613
5.628139833267687
4.991685638361426
5.574466080395803
4.94330121123878
7.315068710630283
5.657071022605902
4.286790795996732
5.578116442064596
7.3494582689509915
5.342196291857444
4.927524447250422
6.508464709438454
5.896662889712928
5.060678669983725
5.965002298397269
6.044706908238286
6.037226190872234
5.664013987077725
6.761466223142325
5.653457530011524
5.244190412190148
4.495950278050705
5.690337676038433
5.751363128156245
5.914401014120107
5.785586937772028
5.047821561538539
5.241470647182883
5.482633006570915
5.468703068151314
5.094322092367928
5.192448464978858
6.288659874697445
6.214068493940509
4.005604672749572
5.241864943528226
5.434524256037961
6.013891902127907
5.678584275652092
5.819928659398483
5.09676405288474
5.875493655054536
5.7569684131064
4.626526717959267
4.87770284484627
5.4372144313243345
4.6490027592685
5.835461409891759
6.683296845690578
5.901725238813983
6.034700694093275
5.572333680292853
4.107669976839806
4.519803627281566
4.553745583004432
5.518448137868582
5.072096698598695
6.573536012585638
6.440658531979432
5.303978110577265
5.256210766744907
5.219111145717165
5.050081282911673
6.148493136232413
6.290617584922725
5.422643846455418
6.368179578166019
4.823712922188879
5.773500503330475
5.903342520451063
4.711144329326327
5.085182149289203
5.866694988810457
6.023981992910918
5.948493888045002
4.310929291576211
5.326274712721357
5.829263276895519
5.849013676735955
4.232356522231185
4.6027042220860785
4.871525719919522
6.009832972097368
6.876853491283713
4.9717282319747484
5.7861547589639555
4.915300716696227
4.637427116062891
7.640265546665557
5.343680100484231
5.217793038035573
5.189341888562029
5.517323822580703
6.4994067525159815
5.073727367682657
5.512467863854943
4.9019410640736805
5.809596330794568
5.7535392608474725
5.354406612446811
4.5240894827038245
5.756272633418865
5.194442043228731
5.355945167870634
5.660805327287519
4.222517050430517
4.772758984038422
5.515106554295858
4.737343309585785
5.398767581693237
5.020593910157823
6.396731204675907
5.619417265114709
5.248468229792846
4.5122690641356495
4.331401414716551
5.917304014667547
5.3498493746512406
6.149833727494723
6.303066900401332
5.189255063280629
6.938669806857916
5.4914139706086535
5.777570125375909
7.019948886115913
5.987470263719734
6.494353751599143
6.089292232555597
5.162271315949305
5.107380420333589
4.94442460615632
5.746686147003986
5.701512931096485
6.934181845617059
5.506197897452084
4.916312756790118
6.826126045344549
4.606369383847719
5.116986898010258
6.646993378716234
6.480522324411271
4.85313029368113
4.798831488785405
4.987434858329989
4.803092550213934
6.0770911986952445
4.675206551650974
4.84448492265177
5.174858493242159
5.05273289249911
6.4162364162511585
6.885515390230452
5.008983465251245
5.63966849383189
5.6470147833538595
5.37365288120036
4.940805149654543
4.4659335698574685
5.133876566701888
4.405075489649577
6.059325289138719
4.307479055795278
4.901275580509322
5.197340715511455
5.024355395194156
5.607686370772305
5.46177606768478
5.281586709843175
6.619123657656212
6.467730202995968
5.656568868880453
6.638404311358734
5.4012433339318555
4.102797305815666
4.4880467302794385
4.958370493423124
4.909894373515141
5.732989843380574
5.577476545931992
4.449167329475631
5.345430942229521
5.874635665648088
7.7437020466615865
5.48625197991624
5.695281474448159
4.881887521662562
6.121836313193921
6.5734129591582775
5.0874867122772764
4.53355881510044
6.129887886723101
5.191159936205077
6.027731746718878
6.11002940994227
5.900779461628435
6.067411290248861
4.803174295846757
4.324211341777301
5.453524815739033
5.307593094325121
5.184817382820374
4.9299744896983775
6.6457125719787635
6.447103888803228
5.4592125372224745
5.813297523229625
5.537689232382962
5.64955573021377
4.427541783049291
5.083398293206877
5.380015302814025
5.972345298089501
5.058961375952348
5.405677271969607
5.0488556024160065
4.58427550129867
6.403450384667804
5.549736223364011
5.733971590681476
5.782055791823934
6.622179520662853
7.034836791534365
5.1956840460056455
7.011731145522452
5.11187153007583
6.387682202269932
5.3123366510953245
6.418062233079165
4.924681992187209
5.488350616044687
6.326162872661158
4.756486684943494
5.206619269844403
6.07288164435016
6.101489139223587
4.725839282538517
5.234795170242473
6.0018699422404325
5.385950281270192
5.155250550716232
5.590886920828163
4.592542233987713
6.568104919702258
5.70977696369471
5.344438224002723
5.579730806097357
5.955327704426967
4.748782231502854
5.257255503738799
5.787550249214824
6.237633747899417
4.990057942790856
7.769628126027576
5.113440599527914
5.671640465658546
5.629484435657918
5.729110126977126
5.403828122506717
4.339914653727242
5.188470515315675
6.567732539340442
6.162064946462231
6.104191036659745
4.377384931472827
6.212201234312621
4.830366857527802
4.854392492088716
6.554085534153112
4.1921026118294185
4.8629484742850755
4.557454482057711
7.289241271463733
5.801681378926075
5.4870758995526465
4.153422408926523
7.733749656925969
4.850914887191091
6.514046602812487
5.117220168649622
5.3225753854063225
5.844340574808695
5.074612403631167
5.01748934908218
5.2654199523321825
4.5278777282273115
4.140389635673435
6.74510880856686
4.6820753682426695
6.135265666764215
7.573429293062876
5.482274144981176
4.690844065049167
5.0025848111502755
7.607515617694409
6.215328616043144
6.5183025042321185
5.399689955167539
5.489118830131482
6.7319972694639905
5.40020849808128
6.326742132240914
5.57946489410423
4.953619200082512
6.149410781888904
5.993280231024186
5.422052820715392
4.898029887281622
5.446241117060837
5.237272686865489
4.96423048683419
6.437856423306143
6.092327166296827
6.137366547828551
6.1236681622393005
4.881833058140222
5.389492256806925
3.7584822124854025
6.2326827301615015
6.574643326306596
5.297328567842539
5.314489950852154
4.464092742624447
6.3150496648190275
6.572263909589048
5.083207392685765
7.020460786800066
4.418271259969848
5.6124802604884865
5.836772117423629
6.139168048712909
5.929229525940122
6.762410732205912
6.040209498126206
4.432177960108888
5.401366285929407
6.885610337650298
6.073326992202647
5.773135416399073
5.735757788934376
4.507225265738012
5.425329667858092
5.305211516050979
5.286043078717295
5.989234359886204
5.857789821708846
5.699964723786067
4.8549266872686285
7.765592406178597
6.147719797965577
5.921497540010357
5.939190206486507
5.023718303849936
4.767379230050647
6.90911607363885
6.23113023364269
5.649281012390122
6.139228878317935
5.153551977933753
6.890277397457453
4.678831580098341
6.532884569993351
5.675873467994703
5.891365625700015
4.4194459432573545
5.532113952639929
4.971571399173936
5.326200782618147
4.779214277660108
5.567676481816161
5.178492314506117
5.250789438420765
5.38093221880436
6.122632790579027
5.197488378092387
5.603486947171578
5.796947409480104
6.146527482899379
6.353582560605322
6.562709257595561
5.836690956681168
4.927716996505786
4.496132260033091
6.3412103650345095
7.37553097209342
5.031338511851284
5.099156928205063
6.022944469995424
5.162018805777852
5.780012007913486
5.526630343094676
5.711429710727861
5.590881658696287
5.973907497434973
5.2175720953094205
5.660768641932376
6.13271581184738
5.99937966276887
4.788229337002791
5.566499866801277
4.733567171527306
5.591752519259772
6.233142317492597
5.9365448964224585
5.857914523187195
5.432636509966829
5.199944629948188
6.08338714848638
5.801833647057122
5.051851222859301
5.958164417568063
5.565695636874164
6.8429355634296245
6.3675620135012885
5.674328649523595
5.435101980662345
5.660774858704434
6.839390664892946
4.684718577063345
5.322461854594163
4.4922711272584674
6.82736738744913
5.85586095814076
6.373589018796902
6.950022015066759
5.382229966443081
5.543440758923105
4.500238429527066
5.036190027672908
5.302255699227955
6.232596801271955
6.936030214581057
4.4744618558867275
5.8582031498610725
5.301124782179675
6.242857574239606
6.4808992868959505
4.519243302725043
5.843362191225037
5.912649774758811
5.454345376580113
6.688983845883499
5.448728442970597
5.8340305917192365
6.021079627330285
5.148863448063694
5.7663576839296775
5.2974420678881895
6.599520477083801
5.061321998490805
5.550020906726972
5.526403951266142
5.693659511281455
5.246593838405277
4.817016473285057
4.590167274346757
5.41967318305369
5.705047294888196
4.9889846379149025
5.332835989932022
6.0903204994189615
5.470081621718857
5.0699190866215496
5.319757713501785
4.506054723160055
6.612111085026363
6.4582772456660305
6.254419379347162
5.198602387956325
6.285637356455301
5.103821183834651
5.814573449903399
5.208081509302543
6.1731795983636815
6.036117100166855
5.2212599838403655
6.391982858613321
5.898035641111308
5.277068976594106
5.487443483832401
6.047537857489727
5.831081559800054
6.055655054424401
5.731997874600802
5.949904286807998
5.24136341390771
5.8008245795387
5.963618506587419
6.971157599920455
4.370995941475284
5.234255663677909
5.73776610847914
5.754259155940065
6.718206049952225
5.229523363970738
4.8676470134167005
5.489434514505641
6.354996412278864
7.718705733073506
4.941959039437174
6.0635270495108164
6.05166818678848
5.699132231312005
6.462493020407431
5.551449796819707
5.736404973367609
6.029945903337515
5.882006675051831
5.880630637766829
4.7237589049421
5.086218102839449
7.3361103404096415
5.561424127496628
4.899162376322383
6.429092651175795
5.247996693500798
4.7351065499761615
7.0563316654018875
5.71044177700108
6.513335186726294
8.036179850400668
4.1268760604675645
5.805790899296629
6.7499978351845025
4.752857619627
6.554256966491863
5.946035987251212
5.465865869583302
4.5459385376584684
4.448675239114976
5.0607847707616695
7.585250010398273
7.969067143300314
5.747424591088253
5.878602753522318
6.824738075512641
4.726436439097653
6.740908166481958
6.255578335537671
4.3678623518365605
5.304518014738724
5.672559052344196
5.083509676690869
5.663618224954117
4.654975219376648
6.940265674298489
5.977155235921229
4.868345966188183
4.795500200485811
5.577144621600033
5.988403150141692
4.999161153392713
5.368022658579149
5.256469012585178
4.96802206549543
4.916264516032524
6.891576624326797
5.440933302119651
6.464733747694084
6.193363895263918
5.504296148730118
5.844316051875158
6.331907016349512
5.948806825546121
5.563093959763019
5.349178380766086
4.9751363839838705
6.271384297392972
7.673721614755315
6.43112356065204
5.675619608721298
5.604557121237133
5.940604222846272
4.8799311970511825
5.756364973988346
6.783398646926861
5.491626101019622
5.289070304262557
6.727544670824592
5.647206028196148
5.897143330714766
4.566494517201098
5.142186828495492
5.098536387652302
6.192034894056926
6.341325238776502
5.15404356171258
6.002739453493203
5.983165688829053
4.932624442158334
5.38858567645056
6.338301427221222
5.1129177826263446
5.744374569866006
4.88569832302738
4.847130644475422
4.7922475341716515
5.225019927881278
6.614576971236287
5.873850091021516
5.189468171263805
5.334147316849183
5.875111019611293
5.713334721930111
5.6990709306482605
5.2019250826666275
4.863796035555133
5.231583416731801
5.576465375049624
7.91635699262212
4.268697345827474
6.072333286099435
4.902063233657107
5.710515012606573
6.820324465905381
5.625396651110437
5.113982017896087
6.200577353072126
8.25630968881491
5.6213575215415785
4.221943517691582
5.425735503814153
6.714634473191556
7.239252462560703
4.359276952499915
5.157182768910292
5.859699066000291
4.693653673570756
4.76217281469673
6.420262358158345
5.810826585723683
5.9818496116050595
5.516113104809021
5.913236210308704
5.713600883823248
5.9372324237000536
5.665383511863551
5.280018706903015
6.537575666141336
5.676603702970435
5.726374019060431
5.251781294160007
6.11921559660803
5.206512242890557
5.680280940975226
5.118389203490445
5.782103838078563
6.395249735915219
5.039122663967581
4.9367041955280255
6.232342368205502
6.216039217577996
4.9372959140479775
7.056296401112755
5.254396475060611
5.8669543336053005
6.255150440083847
4.824700596965543
5.207799480261655
3.9392123284039506
5.561605117240283
5.289292976522362
5.391637907873805
5.804818451442894
7.451516508061108
6.549040170114289
6.665011903100865
5.415641789210682
5.272042565408039
5.728645215354369
7.324629086464869
5.831418717492649
4.7486108810614605
5.951074092726168
5.822957857150401
6.287168217459702
4.536478529836974
5.113559569804715
5.777666328740277
6.126135913760443
5.339215267181282
5.633987109299828
5.12872581354331
5.59088417249584
4.42694203532488
5.313369692306316
5.123170950444114
5.859524314352103
6.929763150434226
5.084796727089675
4.810608837447538
5.33824719739028
5.473045943526539
5.025296902651094
6.221460826302391
5.2842679429116926
5.325146333799597
5.7078559085049
7.442385941785323
4.845715769942144
5.017849135270153
7.634884856320185
6.228350451456474
4.998396438649429
6.101289229179146
5.089479597844884
5.058892540068655
6.443768316678727
6.406954222247372
5.619620804397501
5.002824004368296
5.643326307747544
6.94209964183846
6.323846510660997
7.528449700126591
5.756933499464327
4.48786705052427
6.360611879607608
5.2208047957523975
5.079632017494774
5.468427062502351
4.705135494578155
5.519709526496689
5.1098856051342825
5.025352290793805
6.148794877938569
4.958388221593357
6.405365753769977
5.470501771299193
4.6222958370400535
6.1022639795668105
7.963357198861782
6.297040297222861
5.9952708452006025
5.851675048338497
5.216373422151779
6.2503621193537935
5.832609214567458
6.044032715820152
5.307760572893594
5.572231372615163
4.718425715686986
5.055344319626627
4.065527597080686
6.511092563372139
5.371646965996044
4.577638857733136
5.952309065002668
6.450649502037832
6.8474495173464724
5.363775333490511
6.444306732064088
4.8540613369043335
6.182853560758449
4.938812800881644
6.239079557812643
5.356366460979999
5.347276194915941
4.626332456896446
5.569163091067522
7.207380648358636
5.865054819166215
6.655826487649862
7.098045598226629
5.202056474166846
5.2166008987995305
6.9645308560310735
5.696366772169094
5.064996875839326
5.222197384542143
7.413558738219331
6.284112264634105
5.431508265478411
5.278719351230377
4.54032488041994
5.099563854810741
6.116325994866434
5.841664506376316
5.669527592656112
4.372522096323564
4.77159202287204
4.845240861722556
6.541936537435981
6.087410675203966
5.360147294973775
5.0118822897943645
5.580890024724232
5.253664712511814
6.642455543501035
7.393442184585282
6.703909410299389
6.123035864463384
6.864983587879518
5.920080582061673
5.402118546825076
7.186363286981807
5.868316657293939
5.672439397427426
5.832571853903513
5.857667514916225
4.946713324953105
5.426451939639151
6.074129698895318
5.269086249340755
5.839030622960791
7.278853894211339
6.177761489265673
5.365442648348698
6.197672357753954
6.4718097650217965
4.662148127853038
6.871040107013121
6.182058104210004
5.766987882454716
5.60743373303589
5.26915854066041
5.967249425472008
4.987920202083715
5.23119561485799
5.916532226159274
6.146892303100343
5.572952191073018
4.9254811591465995
5.482991866656804
5.279314933695588
5.365394479565613
4.977281114191199
5.842932311690127
5.862407700960033
5.034769218755376
7.054202202645103
6.60312312791611
5.321245277941809
5.5528568253470665
6.408804448649279
5.393310108505537
4.96896989820194
5.049163992852426
6.669249344407363
6.495000900786168
5.140822393705211
6.139315183577324
5.499842081390391
5.865860483775121
4.918938619213103
4.7189506141390565
6.669451413203025
5.1043230125423
5.964589055467303
5.076458725194103
5.30037293078644
5.4348692276101165
5.75789309585958
5.835419574020411
5.8112818373959625
5.6905114340188385
6.186825615165159
6.54102171669015
7.165911694497387
5.570867551239785
5.223326037530675
5.999147731485525
6.433205692547475
5.3153071558605856
6.795514481364135
7.476099553332136
5.299907331422791
4.410965807446301
5.07028578155116
4.552975041657804
4.969506916768508
5.76168441693266
5.907559702524401
5.83949605385174
4.5689912735884555
5.813849448148616
5.4835966800242675
4.521330459483416
4.668555170705469
7.98435600481507
6.096352389100015
5.4222143859433105
6.42080549901909
5.584333374063744
5.1810568097408956
5.181098541580006
5.3764409702786615
5.433025773792249
4.5470388394232355
5.640945564818714
5.430504669285163
4.9830726319060314
4.988125925152719
6.149843824600492
6.232421802023302
6.829314421357795
4.928601561848467
6.277469802837456
6.164832309956644
5.842800350497078
5.154797079610107
4.768280261784532
6.369451306329516
5.367578419812016
4.830292324681986
5.6733779229431285
4.415082231603294
5.984396565724077
7.3094907308560195
5.712393788370517
4.989338370059028
5.868438859843813
5.81080638511602
5.680043289408696
5.434821088941604
7.48780869657108
5.312765586534336
4.888508454161487
5.622336683286848
6.301383640076675
6.024839310447847
5.441014159059311
5.6485269121006
4.404038965477551
4.840887968431592
6.030915811944142
6.356993495312023
5.497530743635258
4.97884521026728
6.301829962483137
5.80792403647683
6.963651942247068
5.206457911148019
6.063132775908778
5.686180090237636
5.159636571472001
6.980034815477678
6.977464276006291
5.458871705293909
5.127811070005557
5.0254695056386005
6.190471313613004
5.663332632637522
5.249389272030161
5.886895560355715
6.038528047207852
6.638040353448462
6.430539833163501
4.991690916981839
5.325911908939725
6.646871947368134
7.105644461373627
5.704198263201792
4.385516877619441
6.92166715231557
5.961516543930587
5.724757224164112
7.090710095526004
5.99636837722143
5.286581819085948
5.106766587074367
5.772395799544904
4.912673212696617
4.988230907031304
5.7592164412386175
5.129026680349205
5.850954239960282
5.008425033916825
6.704002536083777
5.631688614122895
5.664897892589905
7.021779403207973
6.108186726794934
5.407388069426207
7.092134349463263
5.3301946854839155
5.619329471949413
5.9046702796944865
4.873402144247126
5.990955411860923
5.869493530356851
5.824976857588879
5.764109766205518
5.264333692071899
6.11063944478309
5.909574323588315
5.988710511923969
8.171373080797748
5.912006373356202
4.872430333283937
5.684803786088587
6.093676429231154
5.853096468563446
5.7424189843338915
5.474718497252226
6.241342467927736
4.757604205393645
5.920747851853035
5.530136928346943
6.413183656406189
4.600263171496688
6.41877622904275
5.434254842147133
6.804345349472661
6.47282485231706
5.7571141117632285
6.166784870006435
5.546029896840583
4.592379035390844
5.21682620335235
6.434349791502399
6.1993157369664615
6.298593423007956
5.8487852873920305
5.512262186470105
5.974605838419684
5.805001370944713
4.892394529559176
5.271462820369789
6.285676888834599
6.026233935406078
5.883160474960372
6.145015076600746
5.166919686304056
6.265004611034434
6.880475124211098
6.018707372891524
5.925200713891454
5.659255358032199
5.694906373949848
4.551998802717761
6.531193105383803
5.7853896715848725
5.626655969026113
6.658991822263328
6.113136212224039
5.246758631656317
6.3004484334715185
5.504403763045629
5.337111061873895
6.753156025011051
6.574606777247396
6.926407372854869
5.512019464731612
6.448437443611349
6.3601300213853635
5.494991410462823
4.698106861785538
5.638432281953719
5.991266370172914
6.9889193887432635
4.855456516427643
6.097353932631584
6.344669154295465
6.137321500530094
5.489367323311124
6.086637952643245
5.854638858682983
6.043688056607331
7.118338989296289
7.017445260099332
5.727223348338242
5.439952372216334
4.910553191959943
4.989738924330361
6.687311250532512
5.048314133526266
5.696689780591419
6.509839302475156
6.602015469551016
4.800947010930068
5.062116346265719
6.134666905728627
5.631145704301898
5.825262368935115
4.5810012122962105
6.009204343933834
5.667573764032792
6.6347902088263275
5.675052580232293
5.621099866002903
6.357815971074066
5.752474355272827
5.89044521488922
5.821777162035827
6.160180431449614
6.047180846928146
5.871528019674744
6.614532598185024
6.886478176881703
5.4893483639984995
5.8383645790958765
5.828259764320942
6.2790306316071005
5.548131109676269
5.5235675603619505
5.273900684208949
6.339471864593445
5.853563858094327
5.722046935367892
5.762281256882447
6.084127778666118
4.646717834283225
6.321051453422145
5.315042066937465
4.2770461179717865
6.724569701866025
5.524817662798836
5.995032914909289
7.00574584060298
5.703447653199987
5.117462871548136
6.28878294333307
6.842640497602736
5.161392765737286
5.797825652761956
6.257117749602322
5.523799969560998
5.939341515115537
4.699648279423459
5.856717189415759
6.666374030433657
6.57102209632913
6.833704566122686
4.545002620542387
6.46769797585856
5.67387101697693
6.657111855988292
6.116146162406272
6.620834135696688
6.318939246899806
6.245194709145518
6.684073003123936
6.865579246088363
4.739175304116779
5.032929665830345
6.662074926654854
4.978133727453169
5.395975775850622
6.497874317228788
4.626969177216038
5.230901453742612
6.075151777066006
4.902339178307187
6.489595983620359
6.693238230506028
5.481746453167231
5.036377478542653
6.632638243724418
7.027427835261091
6.034505527482453
6.402244767431259
5.351397207061922
5.959882173521462
6.594199177515609
7.10444311198492
5.599049695902026
5.396006999915285
5.0052189554759225
4.902295033033422
7.711027667169978
5.026166688421858
4.5384389368700155
6.68741694457095
5.5242742497851465
4.556701297292836
6.407133884023936
4.98128158440147
4.748586209557392
4.886770487745074
7.649436941292174
6.4227529797358365
4.708210275431473
6.312022839379873
5.104615174721116
5.743480712865923
5.8467734406066665
5.7312452734877395
5.344012827265004
7.038555414491866
4.46557260993658
5.256305986385419
5.131515893704427
5.51075630075401
4.213197398552405
5.409603271792581
5.758591713485994
5.661765986921917
5.8857085317272935
4.407777875696594
5.37191228594415
7.111659199845231
6.563258619222026
5.071506653588185
6.037611255619464
4.696073570668777
5.222621385847302
5.875498405355606
4.146626377290161
5.776361670485445
5.508070829471762
4.417186882191029
6.205519948305379
6.133238577071227
6.337296667275843
6.285221075080341
5.754146316109158
5.72007085821034
6.235312106541626
4.5163969951316165
4.784830983031388
5.452968287807446
8.331440284276503
5.69039934670165
6.152869484714256
5.597432625949777
4.885088814061134
5.4409280161648566
6.509537672639779
5.88852235846428
5.27678194897524
8.105979755423554
5.475850484237774
5.8750397811908295
5.6285198291658
6.711486399365737
5.349879405900401
6.20244137102069
5.020568990317052
5.944244378555603
5.452328736136937
5.004820727621873
6.627321755888347
4.097938124643503
6.303191558724128
4.61135565158664
6.941831579411331
6.731555856227833
6.336611756960563
5.821783380782452
6.422988025543946
6.277547063455985
4.743870931199127
6.878837652167716
6.926158421567208
6.751226839782894
4.66269916897509
4.421455394890893
5.860281567731126
5.039005031902019
6.191135972936565
5.642985479034775
5.9953582913718035
5.779424250881176
5.66270942706045
5.5099922138161315
6.038373232118805
5.576050221017897
5.717090683737495
4.95847121643302
5.60806505835802
6.76038925494929
6.120226948632193
5.9691304120339606
5.503222348591783
4.67951192240467
6.795255150826109
5.572797149986497
4.876027684741131
6.0169998240443
5.806580925930232
5.417596599071074
6.026111455493601
6.507087441843121
5.5873808642396705
5.902393057374366
4.89051132834126
5.265157934136651
7.05373584704802
5.436293922244682
5.8695290870412204
6.640311448758653
7.115633283526982
7.023999211682895
4.821335679785603
5.002791093591239
4.253872091908119
5.535869166783834
6.500627323535884
5.119506689091475
5.618401026261404
6.0554255111695525
6.194662269206593
5.513922952203652
5.728531257010225
5.846349163308388
5.135997760795064
7.34274937914333
6.890547632899951
5.215088814041551
4.759852725121151
4.496020429263245
6.626764357094088
5.901241217427243
5.350060672959413
5.188977042595085
4.482137200934163
6.480771218671105
4.963349166655042
5.149101214798675
4.847229641716403
5.444557972650646
7.109840059207539
6.455809570774928
6.580141441226509
4.582308690817516
5.509418547449764
4.438266989684024
5.195830163275696
5.558008905439015
6.546031696130212
6.347142973713315
5.824781756804826
5.851338585636771
5.890016953437575
3.9380008809961535
6.029860516171818
6.515320253653866
6.4842330877923064
5.410021644839853
5.4731498914351215
5.87367863911908
6.458126561363008
6.084438785828006
6.189354212714945
5.682111872163142
6.238837361184318
5.670361039365537
5.007965872090574
4.634845261967119
6.266142031776103
6.608096533064136
6.063998372530235
4.526053007039689
5.22177834248948
5.311406079311542
4.045962938843807
5.595622108819862
5.836904773103659
6.182772825157835
5.931472400825898
7.549800925045442
4.910468629789042
5.076167836587818
4.7762589162122175
5.754500182973188
4.765383200493086
5.7014292498452575
6.011749371491911
5.460843949372024
4.338195242534348
5.972808477393212
6.054976152764679
4.769591722434861
4.960493700786057
6.27246865487363
5.964819408482292
5.383343187097089
5.10233455562182
6.27030456715589
6.261616283746837
5.795859296873225
4.659259731140606
6.867520637668209
5.267452176479225
6.67271312999228
6.168670366096278
4.4672620155065745
5.840661632052885
7.318851597761992
5.036718943963133
6.208834554518445
6.03829116581493
6.308324364485781
5.764547824361535
6.181653750731039
4.9120290590899165
7.6030432255215965
6.510167077795935
6.183915021787083
6.645388820770557
6.253859936093932
6.262165612902136
6.211003578860487
6.7029400144757565
6.78092559787374
6.5959375069602535
5.362927448180921
5.819707385638513
4.682549693214352
5.701871611397122
7.298201506696068
4.893344045476582
5.5174157430664525
5.136490184099573
5.08024530933531
5.905354160871328
6.563409340650314
5.379807892978759
5.691225657949865
6.8524775399319875
6.616833352593581
4.959683792245543
6.190922471078592
5.620765325344148
5.080215856396576
6.522730526826594
5.132880510758653
6.205490532655593
5.890232186538695
6.274918505504682
5.202307937205666
5.563139907232735
5.439715539958784
6.275327952898955
4.268671104364594
6.039563876348971
5.683868180540016
4.968927442007685
5.433886485869864
6.311219932469423
5.506720700985241
6.247106484441159
4.89799815167362
4.923180443791351
5.574737346695594
6.0823449589426
5.537312932062657
5.996891858862408
5.9783213761833816
6.457820458899051
4.831101129523275
4.699279270133805
5.51101481747722
5.636581887368903
5.401434647398982
5.1276494590473485
5.96447248005937
4.392406599889917
5.537759062317165
5.762945176009036
6.273439896443637
4.849185399823406
6.111270863883423
5.383341594117602
5.288032337152011
5.660239356524126
5.7802694273896496
5.75077427182422
5.7430272938565246
5.576995278356999
5.460155879243628
5.1696999481378105
6.217343186624983
4.953912437357721
5.323748022410084
6.060810257207034
5.50906883737552
6.3188384553837365
6.428877746203365
6.128494420553283
7.980784885691852
4.215634830823275
5.06998804943743
5.059416877074067
5.030355696718007
5.419552463803838
6.592509764373685
6.435951097374067
6.588441168469031
5.910476636913995
5.238409821040536
5.662354760637514
5.508219606302411
7.360220022147179
5.38949485462477
4.961708044152865
6.300981143480474
4.717883118505188
5.31967145152868
5.152359660585532
5.259675185066224
5.879298928311888
6.1745008199603095
4.949267211139887
4.769797268221751
6.543333069938648
4.911852996386479
5.851025195245604
6.9165690573471
5.222274698784955
7.847737209524209
6.9126196533962485
6.0735359201840415
5.087585403003311
6.702930693043845
5.900384424374639
5.847112090734678
4.984921726902658
5.9986515893577605
5.191891504361889
5.819938727980557
5.2598293119643
5.7838644326665944
5.493955151083059
6.708827463093572
6.347906910519508
4.764659010407149
6.5096222745456815
6.932807338775347
5.772527638957042
7.6545911538688785
6.848835856728905
7.6083269664286455
5.237316105854571
5.55992541160779
6.036394027423628
6.1888196005400244
4.981562556064964
6.7859404228892455
6.0727160096298975
5.367868736992906
5.363438530041797
4.319283992334916
3.931461965580981
5.93376839321477
5.165630086105488
5.733984449065783
4.899938924251494
5.604672785420495
5.8550120017755045
5.698780462317153
6.37361201521514
5.934497758330907
5.798873238229341
6.601664654803525
6.780783473941793
5.9645882919145805
5.256921202187264
6.7044456207875225
6.069322272263997
5.403650786387936
7.015224281229952
6.226727800763481
5.424968163865368
5.498486195244943
6.736642253689121
5.57686462235385
6.337189212036377
4.699186204800069
5.856562990467473
5.839221598582771
6.5813934940670595
5.5719412147922505
4.912439788820726
5.017664990710073
4.474757237749038
4.976271807132349
4.015016743928445
6.253165876921461
6.523257743470496
7.343797280947749
5.589697039553567
6.4029798059841605
4.20588248265921
5.109348785169817
5.0832602141845165
5.15317390633114
5.83068922005212
6.200441578008605
8.679975033310958
5.506099653699907
5.29397906943671
6.334265711729148
5.978788639693172
4.88441749570803
5.58773544523623
5.844992612590542
6.599223766564939
5.351044742201872
5.722435932204353
6.407753629087844
5.318605834432728
5.573630941041918
5.316809671462697
5.574111233677541
7.036917611702292
5.810178852893129
5.267228742719732
5.611273808901087
4.748985530286292
6.5151034250631605
5.801648012680265
4.908163204213882
5.70685883031111
6.204461984524626
5.537907318198026
5.378906239903677
5.519386114265204
4.95096701485809
5.947091893400574
6.117503099151292
5.394536572406516
5.962963977506297
4.909333207522566
5.569898545000139
5.79369318517713
5.586582403796279
5.745898820998501
5.8580874480088365
7.66452289003034
5.847450114405072
6.130190196884403
4.712468491541807
5.849926868243884
5.445850559157299
6.293079933202027
6.382694868400322
4.703496337940694
6.190585450625353
5.947218939273124
6.512874446149151
6.978382668633572
5.0860234238146536
5.393237659060429
4.844163263091968
5.599942806059716
7.5865517652652885
6.311814730386155
5.8553960602781405
5.423579906487864
6.9516993901684865
5.896806175191666
5.536503601877778
5.1699716843983206
5.2115034649579846
6.223002689641555
5.01831409146379
5.75117123457319
5.572713656177324
5.306223523953235
5.461722562696296
5.88735717751155
4.54274150666862
4.0098399840903065
5.334412924333306
6.172942268751891
5.394312634088707
5.723849522885202
6.415751823498116
6.059335039292673
5.317860250707678
5.67711508727752
5.7256509550423855
5.556622690839791
5.539727324173372
5.938593816081948
5.7082149362111965
6.9875142203451945
5.58573368766443
5.746646782719063
6.8191658661797785
6.173131306769154
5.245311770576973
4.406438951275541
6.415902852061961
7.7510608259503755
5.683356924660862
6.607838298781067
3.9487066374949245
6.226338545595229
5.946651380428378
6.205255535424748
5.007632459496654
5.872725946898043
5.184386950708016
6.024474414319919
5.25093975650162
7.071469468808409
7.053437672580412
5.444325658783135
5.609419293139015
6.8834572243153875
5.921956272323928
5.264683784510203
5.889276620404895
6.334167935443569
5.755915436294639
5.288704747747074
4.434414601046934
5.291780695450725
4.749867444392834
6.901573170394382
5.52300781710616
6.226259075755472
6.720286136689194
5.310890464596038
5.227098081018928
6.520824756796694
5.296757918800418
5.502823898397106
5.931156308741234
5.13088231836836
6.115656154716489
5.955925844392196
6.604287892215698
5.878346470762462
5.74429332746185
5.260256108710681
5.785002450592619
5.02096692522105
7.15333421689934
5.988905521129968
5.285900916384074
4.657386740783866
4.89155426891766
5.237407440988978
4.849619625139304
5.922152813729973
5.193996859993288
5.368530611612934
5.178046072883948
6.114053794827591
4.95342492271628
5.916033380740028
6.234709679121661
6.763131108240577
5.110858346488536
6.559240379009012
5.750922598732794
6.699055054158837
6.2839083119918575
6.397959816848465
4.823523995986525
6.979882606865846
5.802629016404719
5.933355466119958
4.827362681231906
4.786747862584647
6.406659880964254
5.275869907148519
5.752455105463985
5.207708247885607
5.37945973990724
7.348126759363558
6.777986137058636
6.446068531487908
4.777134172857219
5.843763469833458
5.419350255849769
5.529549555441495
5.312554572674142
6.83324032298165
7.719606976358406
4.815285659361736
4.893460124767858
5.611157814976223
5.781815000775848
4.70173226062557
5.121978190438351
5.43018473200878
5.028090880667673
5.813756643859056
5.6603140290542004
6.088125340106695
5.91511872850158
4.73998677118197
7.730719359659457
5.282864763062082
7.373179346302021
5.671818767210053
4.569104955793561
5.758773850324478
5.798878867642177
5.787497927268156
5.7265614461547445
5.1129555247332625
4.711532493502162
6.349638617804874
6.137286970583476
6.260914946303671
6.25303690328585
6.711124556172907
4.745827072487856
4.733261032932535
6.094409060361306
6.637322927271242
6.277798166708815
5.757998218111336
6.210618481028844
6.22922884646152
5.8967513507327105
6.025782823915376
6.439596324093516
5.553938312785576
6.304173999334524
4.983624430756607
5.7262240338427395
5.115922933298433
5.984422701474527
5.21657367269754
4.877744859708317
5.8499661495445725
6.225090850275002
5.949979965258524
6.087994566234049
7.3567439588340084
5.111750806258103
5.451926513601564
5.98766150300021
6.935055907147049
5.57858720659676
6.173035508624587
6.119438208165076
6.975274326584161
5.233164912219147
5.71001700381749
6.5198073230468285
6.051556072499836
5.53601313478552
5.817858650352666
5.5345263584545155
5.789621226330692
7.008967340179605
6.9015687180399
6.9416168445314375
6.057918951484199
5.822486328380404
6.5214830288120496
5.8757852445212215
6.268361787335301
5.495239005712574
6.539398710410232
6.161597776095385
5.938674548793009
6.369648184939774
6.341329130014847
6.155309778237137
5.39398441464059
5.609656146253221
6.956508008639957
4.152970001304604
4.4804099132984545
6.139775602492734
5.37507407276264
5.166197893805036
6.243192348281287
6.424229224842718
4.466554808083535
6.163453701829448
6.653230184959357
7.15484029231066
7.496613516538508
8.816108358028382
5.183881398941579
5.079445023756463
5.6295830467067285
5.8901877493553325
5.646011803602025
4.930555674058971
5.846709266247684
7.041776661325502
5.298485054527669
5.520074092344099
5.770554574269492
6.543141436676971
5.044564442564571
6.055844418256269
6.01979294973015
5.536066027711213
5.7398747759819635
5.81974291949667
6.215097833990116
5.394498797606327
5.588633990875926
6.810810276928755
6.313538610975817
7.236596909534039
6.627225499416962
5.750764770862513
6.213884890809361
4.732846799036029
5.603747956370883
5.251115018541345
5.334647768534075
5.555081162265438
5.182818492304119
6.050311561915538
6.7819733314624475
5.639846240626592
5.536777302594434
7.274922344189089
5.528078730694011
6.290024075921247
5.920294108156496
5.341642430537557
7.707941289367718
5.481315704039366
6.280818463960162
6.59514043963556
5.854961735811413
6.069963251775335
5.760913033842375
5.553731731494172
6.017969439718875
5.7259842867552635
5.754226807672413
5.6763851700335
6.828083796554902
5.331964682909518
5.051771492902166
6.120879640004066
5.756305109191251
6.261784879160796
5.384243742362302
5.919786212141693
4.729396006026014
4.688040531293795
6.06846915495738
5.227214427303924
5.761409217378579
5.3631364606039185
7.184565940320688
7.075068144899648
6.1190780856872555
3.792382203763038
6.655011051821331
5.509335801150263
6.280796938343555
5.7109966599340245
7.371163390024255
4.915038000097784
5.441658568434023
5.522621111698548
6.498551200504811
6.535952828097131
5.6596799296587665
6.313217616450976
6.2005523366643125
7.577308314872142
6.261571639443881
5.8828247817694095
5.362684027443554
7.275652684553395
5.206392106029594
5.675475151165229
4.304909768498418
5.281191547010343
6.446954968082426
5.666443484091728
5.737736934249728
5.218374139443753
5.28606466960923
6.121699435221
4.96478877590038
6.293445316580479
5.071291541753395
5.126648524674576
6.600346197723412
5.705324376323584
6.79900207874481
5.141167440115221
6.0808898790782235
7.157795616144488
7.301819792213252
5.062862731102237
6.02737160161481
6.1263628315871985
6.331119251151993
6.592683617208172
5.614206208078159
5.184786158192756
5.790935251751585
6.47371717307822
6.41848820686841
5.9266039267357735
8.368920973883691
6.202226307050001
6.371786141005536
5.905438597235076
5.7743597585602835
5.538354731626499
5.150231456225938
5.040868748226807
6.133957033022145
6.306945506536732
5.182790861999464
5.5046795569108475
6.052307111478148
6.2866239545911204
5.789250964872758
4.317705442193267
7.14811282068561
6.042493523992627
6.211795955227451
5.993386421086024
5.74739739255821
4.840216162368162
4.667695637217114
4.525736556635669
5.159359662738741
5.307610932190198
7.209500074687421
4.762838139572205
6.38244825826556
6.231991194212722
6.456049184613932
5.51554446488181
5.3282620331404305
6.344919396239691
5.600605142107606
5.659088630372811
7.309014216783724
4.945553586017853
5.2182047799081595
4.402350895077753
5.087827781503197
6.428914527138348
6.9531375432928275
6.420835988377328
5.985897411704662
6.369560348566804
6.6203414513492795
6.422690486859791
5.997610245195322
6.360933374130296
6.366666865536807
7.077959205383169
3.7671681200526907
6.388735180350142
6.171876510477752
6.687968780554074
5.8560281588871925
6.002358956118349
5.035531303900107
5.983718740542929
5.855127013693027
5.669915958443894
6.724735868400788
5.433974227692362
6.5900829376343175
6.572264810645646
6.370247097167306
5.670354955499799
5.0557733558520335
7.522550498847282
5.633006941036098
5.5559748442405885
7.011285931684572
7.498337537219018
5.934610685285852
6.617716854133166
5.340180962523556
7.1064098103970945
5.821733676121339
5.092372406762389
6.39310615688698
5.610180941738491
6.0813262171827756
5.110406251386901
5.197320045344552
6.326455289606345
6.051391378056048
5.699856304489746
6.910335510194545
5.847175742229684
4.80531061280778
6.076568552488868
6.702675031133562
5.890712312688407
6.471405908272835
5.268525101806141
6.132932840102061
5.79424158806388
5.426219814270844
6.3524270872380795
5.310309368668549
5.223059165396049
5.531815470184749
5.717995448644752
6.279819847160687
4.721962344097455
5.230179845078937
6.218079744038395
5.837003254472173
7.965089871398531
6.184324118695598
5.35775632579413
5.482964639440825
5.561542571902346
5.349072667211155
5.921447317940262
6.910955974075078
5.53911164419371
5.358730451145031
6.168106545669191
6.117461459391738
4.370120579113605
5.429547725137913
5.55517637017963
5.749452664095874
5.403488474408241
6.557495545092701
6.431698944167383
5.04418302759013
5.770511984274777
5.877519334535176
6.136714708336071
5.762400063267771
5.640874685689626
5.516093246794564
4.975041654970835
5.956498385387995
6.595549010786344
5.509724339871189
6.28895482252506
6.169563228160722
6.742325764370068
5.262115711901487
6.041020657565238
6.462769597830555
5.227719023800084
5.226389354658604
5.5983010720577395
6.374029953129541
6.079245340692702
5.421230994223512
6.794259741643914
4.5255202312107725
5.0863667307303455
5.784499841661126
6.141755100862204
5.307269329728695
5.854114393011128
6.414903175329969
5.865117478299071
5.040501493715934
5.27621251130059
5.293208174669642
6.471943693116951
6.024610113703344
6.136046349412575
6.272553349792402
5.966012771169034
5.772311149844073
7.103106841520728
7.503633418848453
6.9424872908863
5.777654796458812
5.054187675312455
5.506951668257556
6.164719751718312
6.421898359388569
7.277696215526919
6.312462169178552
6.174111754959398
4.603967221591678
6.115675514474644
6.35657407394142
5.128609611567834
5.608740511255577
6.406525854228226
5.817248105333491
5.952394106939377
5.23330164349231
7.25376945973111
5.559766927302259
5.186478416060065
5.496593183650435
6.151028019802318
7.501427210686392
5.282147573910468
6.934617880355197
5.904408088393454
5.822167673668739
5.468220014809913
6.467330441008872
7.082544245293678
5.967464564799384
6.01004437012542
5.843560706825446
4.508773925568952
5.727162281317809
5.682613145376834
6.163794407950659
5.5445113928269105
5.324818691024537
6.277474221561138
5.339407490543577
4.750029480074337
6.811720565011703
5.2913813539442165
5.310676000789144
5.146758921124884
6.016194614672498
7.602114144001373
5.858358621324926
6.374300291325161
5.335546584498004
5.008149009120311
5.315613213645013
4.502479852702849
5.01940986416279
6.318615274445847
4.901095966844827
6.309317543022157
6.493715558266672
5.373851888624195
6.047858706463407
7.056343398948323
5.96688968821661
5.994803921647943
4.4146211681379945
5.971435126038354
6.372933924848823
5.975337569101893
6.5484343752439464
4.913430771468609
6.045760267525511
5.613748978982809
6.966395861139502
6.540424678172096
5.21894316898079
6.03499788277458
6.4100372376373995
8.086544044060322
5.6847213372283205
7.472784470208929
5.593725012467015
5.734973981362752
4.843616232656486
7.344218318248093
6.5093829340083476
5.508419708517944
5.6603613300279285
6.8354129786731335
5.947782136839045
5.895210621796475
6.678816711032362
5.410175749805086
6.517475868622689
5.080316206387571
5.681534727740667
6.320599999197391
4.78618007753864
7.474613079323144
6.994908748440854
5.831116546680368
5.921861070379518
5.0293915865335475
5.53829583368665
5.329273225762377
5.496396728863709
5.737571345547043
5.926020290266097
5.967116790461223
7.023864409846581
6.664947318948612
5.683058006290694
4.046588409258546
6.366285108509761
6.383932702995996
6.270215031950835
6.302097740117448
6.988070152219394
7.604621254877902
5.699032741101208
4.9389405320000535
5.551725286030112
6.256625729410401
5.280767807450134
6.240393592377601
6.7921684966959175
6.153390359221496
5.499089860784206
5.6912302513179505
5.56710679928242
5.792992894285597
7.183983873901889
6.322548215076686
5.554610614997483
6.225874013431597
7.473078540235716
5.677873286301247
4.861489719372557
5.923042691877713
4.688336693372355
6.4553321730894515
5.418400305082232
5.5284621621653125
6.173430318858306
5.954859806686866
5.285987741374823
6.22505416492606
5.631706604417684
5.358396375649016
6.702077950640248
5.19313695974479
5.7656024968857755
6.064053511358388
6.2406212477881615
6.131397830139285
7.309544585829372
6.780586827172772
4.73640913653698
6.509954721810871
5.940023399193651
5.535401496682238
5.858403373510078
5.58780523506723
7.0543812708921765
6.044581381222941
6.230521413466584
5.132424348531597
6.510701181790254
4.9796524688055515
6.63205072586085
7.112516760555794
4.463204893068438
5.064543530976749
6.650350378181955
6.3206971362062285
5.769894906735959
6.282136122691794
5.536276391164758
6.182066492567109
7.846740415664564
5.263715952031178
5.290710541377247
5.018030322152908
6.100752555896268
6.020474319179214
6.637105300909288
5.210559919453988
5.348329448190172
6.1760842816454495
5.660412569200313
5.525597881253768
5.706794426193547
6.229150042167155
5.047133842732916
6.00219427481648
6.843458695568895
8.525232440155076
6.302925648286292
4.961384461387764
5.500398273126291
4.788621452977168
6.7760296172663095
6.109848331315312
6.266628435217734
5.415610824660042
6.4341842054642235
5.424892389369692
7.690035963279039
6.371192654447512
5.823035648274867
5.043898158508133
5.177911782193714
5.297224119957041
6.6701577018233635
4.717666822110786
6.697537490357903
6.185893022045572
5.60634222925432
5.2727401643058
6.350428863233865
6.0251331130066355
4.782258289789185
6.680813589863195
5.931064470658523
6.753537759788549
5.417903051466345
6.070189015415808
5.503982220540445
7.821419413437248
5.868220875825078
5.869828836724486
6.551902139582728
5.338642836410774
5.185122793603882
5.694901382230419
6.42172609274908
5.992626442960522
5.649193335720407
5.880899318292354
5.214177958896634
6.429999841980163
5.934466512010535
6.622696613530792
7.401956332215679
6.2072935741205875
5.8325216255829035
6.1520336312233015
5.540339426172341
6.377499947350284
5.622296783339198
6.294803689581652
4.806473779005812
5.196062192885089
5.035931110089961
5.799076475748152
5.940498064461843
5.809053736961697
6.736328122047548
5.412983886664569
5.225911490871982
6.705726675150812
6.776358456135382
6.038618877707754
5.640144557890511
4.8680615392443825
5.816653858310032
5.717947212758459
7.119803262334003
5.631486624767925
5.70889462410733
5.911838282302716
5.527901564819765
5.44980646033823
6.84715166243168
5.054284670366691
6.184146384418093
6.117623261261679
5.244947275002891
6.95725480394677
5.809623411861272
5.543752022654335
6.52628441812103
5.431402215131222
6.36059158578183
5.995307434621063
6.471462145371658
4.936583666562284
6.14119349049946
