10.94564837690109
9.374394642500064
7.935033277141212
6.716674037156423
5.685383859872667
4.81243982591497
4.124928031046014
3.9995533647755668
3.9995533647755668
3.9995533647755668
3.9995533647755668
3.9995533647755668
3.9995533647755668
3.9995533647755668
4.715470131799744
6.303036188663667
7.058389909213537
14.874082370548125
47.74762895107723
54.20622758527304
21.105099342320916
8.186958094297395
7.453720710861509
6.706710981052558
5.676950549270637
4.805301380946987
4.12094643505377
3.99894996805129
3.99894996805129
3.99894996805129
5.125083644515143
4.886984113214846
4.167119672719992
3.999694480188166
3.999694480188166
3.999694480188166
4.41759006890124
4.769847938018567
4.403975676769389
4.013180891505149
22.153014535697004
20.548035352223106
17.39305315359339
20.468383559896182
19.870997103349612
16.81996857164581
14.237400432385098
12.051364436779389
11.439674278256975
10.287009744554357
8.707523819750916
8.110871499618968
8.600450742626677
7.5684208905049415
6.406351973843427
5.422709202689359
4.590096706673794
4.034238367479002
3.9997058346099625
12.268675082855749
8.90152869993086
7.534772019427334
6.377869610776626
5.398600072727819
4.569689335763632
4.028305439038821
3.9992186458119914
3.9992186458119914
3.9992186458119914
4.436249624677195
7.0581766026306525
6.052665900883776
7.332181093209907
9.366715699619602
8.346100894913045
7.064625595690848
5.979910312096733
5.06174415846364
4.287422386124474
4.010882976729531
25.84834385206098
45.543799214588404
14.25285436652074
8.516154546341792
26.401996146390207
34.2500877963349
28.56204214934555
35.35288676463833
28.656887569641924
9.051155879857928
7.66142517380845
6.485076212695516
5.489345980724791
4.6465019543039086
4.529415912057582
4.183338778434817
3.9998035161039294
3.9998035161039294
6.16988787212565
20.93986972102384
21.107325800909166
17.86646914376205
15.123219429874522
12.801173196775014
10.835658106641022
9.171931728382093
7.7636568819519685
6.571611081029315
5.562594130183825
4.708503451532474
4.075465240268248
3.998898298629648
3.998898298629648
3.998898298629648
3.998898298629648
3.998898298629648
3.998898298629648
3.998898298629648
3.998898298629648
16.021382529353165
26.506040154493462
58.08228044282316
88.80131305213784
138.6328342656463
144.38185688058397
143.9229049845417
186.82893223052764
158.1787810997453
143.52971553993328
166.34779134322267
210.78095838110684
288.7135230982266
278.0906966980407
254.49200028290306
251.92717644991237
289.13914101983295
259.5356323495619
280.8949817265401
238.8945952735531
204.84060156580597
207.60011675709066
189.35868276344024
170.90451477328682
145.0882645907247
122.81115224556345
104.81385833141188
89.70370142175027
76.97986410316287
65.95330936303365
56.42846801699226
63.03246196560565
168.5673975058732
211.39067248168203
224.13754380850415
265.3798390885539
264.3176823774984
231.06008397840034
201.61982352807658
171.0027965811435
170.29494986734312
28.23626693464265
61.638459930518735
97.65370592385966
130.35460928326006
157.60088119103884
183.29350685018423
203.21946055313427
185.8143750395996
177.96839040166057
203.75190835274208
212.40411377639086
187.72874532339014
169.85809734838244
145.3207787074727
138.27686730874862
183.68715390370286
170.304362339656
144.15552512381615
122.02162726917025
103.28620778584667
87.42745820991402
74.00368948479931
63.47991850461249
55.65796203334961
47.11213872629416
39.87845645580151
42.92173625614792
91.49572563915154
149.09595184787665
206.30398977449565
239.59956863039156
216.52480132787224
200.59176083325048
236.6047321682279
239.63265217634915
203.8634204606988
173.72050881079156
147.04715033928906
135.4450314098512
197.63466372603443
35.53990672177958
110.87216273266529
165.40649125480343
197.9080791777917
205.47551848590444
296.29266608530907
292.65543738226637
284.25829700848203
244.25706050046702
225.71195326989277
205.64978620517735
188.270576557647
172.7935933353441
189.1328741864998
194.68272615130752
167.1432396954884
141.9614171819295
120.60400709354708
102.08625155433512
92.82408699760596
152.3618340045598
165.92443182095565
218.89037121369304
251.30627488423494
215.82438216771897
210.78613211226627
222.48952119047027
212.82800438139148
195.79423626838508
194.94109389714708
219.8547324195304
222.66927538316895
194.0440485151171
176.46388978822068
169.19695118291605
155.4770354663395
86.67176781948295
34.17901568813209
90.23625830852541
129.74020256973216
32.73716213206457
112.70581135187749
174.4262905491997
197.6047196715013
198.06547482183242
268.5982582987358
298.0766299315662
292.3683959344416
264.2126286296759
226.19495659525472
225.79244220429905
248.86771403635944
232.50570723749314
218.38518902029563
240.05972199773043
219.98977314875782
186.21214885194954
241.68219078673428
263.5329354812326
259.1399101808663
253.47929019686597
227.34839184689892
195.57824532653098
177.5718049163805
157.26750790320523
133.12037269770784
112.68083193690305
95.37961492058842
80.7348577927953
70.11868369517923
61.25753753480832
65.80533538494166
102.35650838022279
142.35371950998763
159.58878833545856
137.20516015467882
117.59269426335926
100.8467929163341
85.36259547428949
72.14304577589296
23.35360874152208
64.42648015901327
107.44880361476505
104.77057274698946
108.84280807724556
118.19158336778233
146.44035887312404
179.3477064195859
207.35303146188753
178.75010056128872
159.50237955756842
173.8842512231119
183.56283154577253
160.74800977536995
136.54299064359523
115.57793498528866
97.8558476201403
84.40815835851288
75.62656370926899
109.86228741901571
106.62230971893759
95.60117899793876
86.78051435181993
55.990205148619275
95.79221570638839
150.48499501526356
151.33015306982347
138.8386801577408
120.8060252802854
103.1485721657165
87.58385056843389
75.70567544210336
68.12400521709186
97.83524156106371
181.42062696272
209.5101763447194
236.94282917564158
223.1071060033493
261.58922502302
286.02404352125
23.721299979078392
68.09958739405435
132.0423265463905
141.948377911467
149.09540087570022
183.0766293225494
205.65231230617374
202.822965665143
214.27882592085976
217.47741915337434
231.80886993629142
238.49852686264305
256.3217181881821
314.1571924489972
271.157617788155
234.58001998101258
236.78875321147777
239.4522548482137
215.92545413108343
198.7304080832596
186.8102247448833
212.5089357647049
311.16070391989297
361.435118763732
306.6488555845779
293.3710754076503
311.63859308990595
265.12937765086167
225.9016085618359
283.7846495686992
267.18916900804055
229.34355812335195
242.6069035420125
249.91739805715375
245.99039420923168
232.1834033548127
237.4458086956946
225.6730540974797
193.68943578751208
163.66863282322657
30.580987006326428
76.44232809333334
161.19960331558482
205.94948398555354
222.9355080558178
241.51779819705808
250.04811921971606
221.25867639754242
230.0277005422477
252.27748815495198
235.52677638307475
215.04000806218787
227.0472097541251
222.26309076301018
212.1557405823425
192.16974555114592
162.7784547412958
139.5281255107665
118.6029101467843
102.45643841826372
88.25077236570745
16.731714565647408
74.02754139116273
131.3489364076746
146.63338671567809
63.66796095737105
39.11262628718358
11.330750021723716
11.183152052283551
18.286562524222564
43.76211020321202
67.07801281112907
78.3441758290168
82.85426508818067
87.94731683806089
84.66495744665552
21.007472526128026
8.643918831548456
66.5333920729343
89.68729462685918
25.647440562996906
84.52610940243913
179.24533776526118
197.40784002592295
236.12266441624993
300.75386935257274
352.8466483273499
339.4582867049912
294.3981290929037
261.49295269977887
221.50379474960585
218.6913162782292
237.10598256387854
227.07110911152984
193.60996245038254
166.1021252442297
142.40943188179594
122.43706494637766
105.4294288270028
89.24160524877908
75.66399591455932
64.84295426637995
55.11060972534841
68.01794479890285
68.73295218460615
60.435619849941034
51.156226393520484
50.293607175793234
82.47362087027804
129.8507048189324
174.9104529260028
157.29601538006176
135.27502316389894
155.3191242150045
201.69931394878256
301.3495127966273
375.11078285441755
327.7522913209748
278.7218242183688
238.13143291462436
38.69330188270007
105.97139157364421
157.41713370963782
179.31191508156414
229.79245749999112
196.42558330226314
167.39971446253568
160.514248392672
252.07752767050465
272.0820415904791
260.4108590708793
224.42858843234464
203.7599018548542
188.92040886388074
240.76523525732506
257.76736995480945
221.19057173085605
200.33337484424544
252.70903066442605
267.26117576532596
261.6530627703287
269.437699037305
286.1666229260017
253.7974019663251
226.64045370993102
197.97668112438427
167.57898645506626
141.84860834020944
120.28886676100261
106.93535721218745
151.722710793507
167.15879258552957
230.14546715496314
200.85112370669398
182.10340814996582
222.3143721937259
340.99965735241955
320.3859621732935
334.3786454680796
321.5597363871632
35.465561436424935
77.0932855887855
128.56888043634302
204.55404000214017
224.64391231746546
233.3096719890826
204.28338379649296
183.3161693296024
189.2016600833078
194.9864902151618
255.71760235246472
330.7741770613155
289.59897597210585
266.1955625102353
225.32849945724885
208.15760217526545
301.90601850564127
342.9906924324795
367.23985800500907
320.9040818833659
271.6318936446932
231.69294094019668
215.11129462777149
222.5095939212356
225.33582670793515
310.8803197410106
281.27393070102283
266.0011955452795
273.0758535806605
236.2485836113058
200.8460026478506
170.12952486072635
159.76217592206737
136.85934828971358
115.84571851106925
98.0585591342799
92.17353565332245
133.44771264940437
128.50899716594077
108.59753602401673
24.65298868435311
85.04355437357108
150.77560707856378
195.5125280935854
217.88119517251278
210.03627585191745
213.523442918773
192.24704978038164
162.93463390215862
137.91735800741228
116.74127951928781
98.81661409920594
83.64413395364649
70.80126361981654
65.56293967998919
102.61832950558322
135.88351251215838
108.8329576490797
47.82945094640116
116.48528942730117
167.75753328410354
94.95011411188759
49.87318049349756
67.1473611173928
72.39553773084575
61.7711519005471
31.897604205392646
12.225423862883192
50.04785170133368
16.196402892490585
16.418993629339177
50.76621040230816
46.59237247757308
68.01897319269705
61.58575221921779
59.96996435931072
31.40740851045546
31.91749293442466
32.77251286545281
9.221625882098815
30.892195677871598
73.84732114055211
117.92019075372676
155.68712733758107
258.581116431303
287.4161689527639
271.49753443365125
312.36459031485873
285.48995658661795
261.91860697474783
241.95333400579537
213.0037591584965
215.3372752560059
343.15948909418194
326.0530940898327
275.99031728279056
263.29070937289424
241.09318084646972
204.07530148510625
189.10117153265927
237.24149275355828
214.2480055259012
209.38949918044108
231.74367404043176
209.86406464317196
183.02084878221407
175.49768093048522
224.01703824797715
224.62139064821858
219.74428857860997
186.1777858117788
157.59171468878415
134.5133651208735
121.29171835387216
105.47037708186448
112.02076220624292
199.86658808982784
365.7751669379772
320.98974155110085
358.9013160347857
29.237621383221217
94.49888148928679
124.83572337846391
162.02300761410777
198.7691101125605
234.16693012460013
230.53558006430973
245.91944489260723
285.2813209913323
393.21779898394675
390.681940571885
331.4049925578106
290.65358793535614
268.03079104479843
265.01580230282696
228.36811277402722
202.60205994628268
213.90041516189038
217.12099357620664
188.09725644241425
160.48318760356477
136.03521614866256
121.16245499535563
102.80047480901499
87.01630554545389
73.65566593779762
62.34644289634371
77.70248342778217
121.22237192518193
127.07617926785207
135.37898422904254
115.2924827201637
109.25770822532057
125.58776990943508
162.3622149813398
184.8473052679448
166.10304825949444
159.38744730885452
162.5100416082393
200.05553225682274
26.32904211890462
71.39539872465978
136.42450589440742
233.70428288003833
252.0527024094629
292.9420093172799
309.3424333416925
335.3092731028597
284.4723055426529
269.98489483516045
306.16859492919536
384.63082025137385
338.3963691792589
297.56117704903494
308.57508877899426
289.3879760353436
272.89461872445594
243.0020469437994
222.34094775862008
202.6574470230849
177.1090122844567
210.2715880042075
204.9572742903337
211.8523520723365
255.08835311033332
264.0060256734477
254.3273456422962
221.0247810927488
198.68076980445414
216.16173044591667
207.0481444508934
207.92724096620188
253.79575085303955
262.0924254363415
252.54503247365903
285.15219984046144
282.05448065859804
262.3587035585938
222.43103052193845
187.95246980341244
21.717334536971645
64.48214244898759
75.86612428446483
92.46362314216374
126.15766184745893
124.6501445219956
109.67832976511322
94.4227736132931
79.92493161581217
67.75667152079178
77.05080707972384
73.60412275855589
69.8939202913945
119.50415891003948
148.91714428360532
138.53617276092572
127.90715487824514
157.33909644446211
191.41019509009755
201.87958703807183
217.44708322619948
222.5357202401781
206.63672464413415
176.90371045253866
154.06355369129986
163.83616880746752
145.77180204680823
131.75048011400406
125.96821238498556
112.48716212946574
137.27925402905873
202.90143435754285
187.25063939721113
199.15274754004128
198.74199521316436
188.76246937650166
192.40657408823648
212.78968501108204
214.69735189942855
182.3422194949402
18.358363698358218
51.630788340912076
35.51893158782243
41.50796112872285
80.44289513591798
121.82941267705188
136.64346286443737
155.64457132398917
152.24495785338976
187.65729772717214
266.1699498069305
369.30097798830235
314.5572741004868
278.7553945818341
299.65177522991377
288.48501673163867
246.77796383117803
209.24423228667843
177.68074877375463
150.78615964134354
152.84648263587079
171.55095261633465
197.1362975321732
206.84442867909243
190.3412985395964
188.79821042651366
165.73855101826197
173.59015503802016
201.66218358410725
223.41911983127014
249.03437637742044
217.074677239773
229.86685182675194
201.41587900357655
203.85984787917607
209.05147802517308
179.4161243897356
152.77254140576238
142.6644521206127
172.41978332837863
27.341569905204615
69.59914875084705
130.90348675156903
185.4056912931196
213.51772222189823
196.71964670463862
167.68059140759968
150.30881164698692
179.94132919698328
185.4346729652848
176.97000242827676
196.03043294642387
231.8130827511106
254.94219117534212
226.62772909388016
193.26979440669683
163.59880289863167
140.39767941767622
121.32406512539333
156.18763131460906
168.0210107288079
165.58544710307348
180.93749255297823
216.45736765199987
257.0156786241244
272.30942955839333
246.53276704480604
241.98995069502067
306.34782781942994
259.31063293477985
220.12249869516532
193.12362653601437
219.10592570621608
251.5067318420565
242.8690380624013
236.67456159770092
206.24991705948526
203.5370464105534
225.8536138292201
228.5875571241008
26.166540811892382
63.98355675187421
104.68477725786401
91.68673343423673
77.7668994271844
72.58946274614287
64.02295589285535
52.21118446076308
104.22169013448706
96.68497977873841
46.28885152829503
100.95717482897614
125.45452076020284
168.88988409711985
225.27337078132265
242.32702541140367
246.5619824283389
263.5134137589773
250.9054941041101
215.07316842871995
182.05044843801798
154.10808943287284
131.35731443016826
111.97766341020012
94.91647629828672
91.72199459307275
129.02430476266693
174.67332234849633
182.55509521876277
156.50344183579324
132.47362270455497
112.21900433364446
124.41631548595541
129.04895742421837
113.34279886811298
116.55568755133183
138.33705295941675
184.9707842702238
211.55703816732003
205.39187870245132
44.710148963124226
147.50206226427554
189.21901280119724
273.6853458124128
288.3928753951578
255.40082219963074
231.6461610771356
226.17417561489077
269.71229909016995
262.66050982309173
268.01248178755986
230.2803945189886
207.96306702665723
210.83449560821796
192.9965678788306
168.23806728210127
154.94469943329196
182.2600915875701
204.44498070660535
209.2830140982659
196.43496035929547
188.14055052241778
203.76966276128434
272.6419129894122
362.1922939859786
400.80839033467134
356.6652424885931
337.6214072063134
288.47433098752754
245.4835122267634
267.562631732934
299.3878463617761
300.4716322323891
385.2237556459178
418.97896886092633
407.79217749806213
410.2509687965461
360.10919718687234
308.6728738198421
267.58651411974824
31.241223716367006
73.13795255879042
163.1233631148762
183.99895426997722
184.58876165227343
190.0469221423525
193.74817471246442
215.63642444943196
306.6741071250708
324.78121411823423
275.0716355175566
236.43701762486256
208.12353496029212
185.8912965393667
216.4905568803775
243.86742568825272
214.92626364888432
183.2787947375865
159.21272326531664
201.65275515447738
230.0753823275951
242.4673164937966
277.88980663319927
251.6698749672653
228.08482795548045
234.75000893822772
255.76320896269021
242.64868867354372
206.91195359517712
211.2441494655904
224.4819376876619
206.28988392370317
174.80074638995535
161.3355479674226
153.98039373981095
190.12438077773317
226.3415698627152
228.83331849197387
215.3358479351816
200.37649318447689
31.19465424454117
77.49197825264973
103.76233188628237
112.32080022668679
140.4379423533264
136.87822738076196
148.84910757323277
158.77204129836028
170.9853493911878
165.5612208935465
143.29413107144404
51.06256360746697
114.50143435037779
103.60897098273371
60.46555393717107
131.35441430741886
178.7793710271772
11.228596257411583
10.167469840793744
8.606338287195436
7.2849056720549585
6.166368190487723
5.21957295981471
4.418150366832699
4.001785256928376
3.9990114714138683
3.9990114714138683
3.9990114714138683
5.709283993562834
62.391432946416025
117.0424482955309
143.03289161033973
139.92213750439709
123.14272083979434
131.93299815328197
126.25985419185686
158.2981131694828
189.0328926683789
160.45173300050945
135.58602420204727
23.33243030918944
63.43123609136218
107.79303483258958
143.40845990408317
183.19753628405414
189.25601309741575
180.8208991858384
174.19609863225335
164.86717775669553
139.55317561271838
124.90571245855357
165.82461814674923
182.53392236550744
166.51579801135813
178.59510051216864
182.09211013312492
187.28406857571764
197.7422987887237
189.67292954840124
184.20580323436553
202.70546635462577
232.15185271511118
231.51902071630047
208.14000649568882
176.18181662205063
149.1305445351221
126.23277327791214
80.35543979284338
57.43670839569332
137.70247614894112
156.42800245607174
135.10066573206817
128.81320206881162
154.31578886926562
170.87137153749492
217.01419323675495
243.6511421833203
224.97602820056636
216.46316814854256
242.02032326927932
25.237409084692853
50.560769477254446
53.09275561835384
41.05349490530483
48.46436107203633
70.5626035891858
88.59122182062764
117.45106261463978
174.53215709251637
169.19191591407235
143.33727096410692
121.32900932059196
102.78336418206824
121.24542435449509
171.52211751241808
195.00699296101928
185.30169307503155
193.7492984156137
209.83335153378198
204.22504631965654
179.98819205365885
152.80745844058424
146.87573403915687
208.70736435656042
204.2835624972386
175.84156256108201
153.65708662171528
45.29710904766985
113.32230388789637
170.14610739139977
205.66712324785792
210.53018672063115
228.8535064507341
254.6921709072243
287.40863475962834
270.147824964767
284.0484159198535
285.9496470488282
309.0107486391436
413.0862782690538
34.65983577072894
109.8742856665281
144.3810040061968
195.9752324428546
233.6734360837068
238.91231880126293
238.56145820840575
258.4889887847856
240.91545530691545
205.14627459518098
174.29073094095904
147.80808704681996
125.11336828404642
111.87125644485455
134.3627132553092
99.49882314320851
58.73075841415135
45.17751289490841
68.31388431955465
114.71734242532624
156.294959529953
142.50126900633265
131.3399652819107
146.6490121811669
167.82090628285184
200.967025461338
78.71612068747058
54.76842778909589
42.50860606794269
98.79271364067422
139.31418133633701
40.19749537514358
23.92116170126511
64.62953762838467
113.26221587568499
137.5586116633775
73.07394990178308
89.61403245212325
145.40755353262892
157.13750652986246
22.409809513925246
73.14024410751787
102.61516648281595
106.81094212190287
127.5257649039837
155.71115704680503
180.87846917771387
173.3765233686295
185.89535844210582
198.2893028900635
200.64136816212414
211.4064645234082
205.2085347836741
270.52482016720484
391.03039782553907
375.19226821442214
319.9147093535281
284.6207555273488
336.69130272678876
437.2693135207561
449.47921403345646
437.62491563809186
381.469837232542
323.05646212314895
279.19282522773966
276.8627177498292
277.11845538488836
277.2999463312302
238.22142963758574
204.72698287211443
206.42807224867545
239.17685179014583
235.2233096496883
251.66851634343305
258.1074510982371
269.70803349048805
274.31341551745686
260.13681712346346
228.89829519942398
200.47896017907334
31.200031936924223
64.87775012455927
112.79315199140139
155.99129114058601
187.00284261152242
225.53292207450892
269.5334360142966
261.0567388609939
235.6266323521436
265.4507148848179
268.8912634806385
271.3923322609273
257.2819899536001
258.7225588875747
276.8792838900685
253.6122057484769
214.6721328521599
181.71098858309637
153.8107575173047
130.1943779653616
110.60750039052199
152.00716397966704
165.8885037197565
167.6081997856073
176.8559801483474
188.57979965649818
173.13984511317088
202.2994115284362
244.59160212476644
226.6535727201398
191.85277668634762
166.39887309339056
179.84036752685603
208.54236972253815
218.02236030201848
206.07448688290455
178.84299102895764
151.38311745106762
157.04904843032168
206.02329227358376
33.18216657612244
82.87258480047534
94.18179438734136
85.45765315905673
93.36772629335448
118.61260041911429
194.47525051871304
292.1492050959815
440.58157668829887
459.8440064861961
515.4476625787893
533.1951627701352
515.4386743339468
472.6246453514193
451.57279455490146
420.05041695861485
398.4556899174779
372.5140749251634
366.54345813484383
343.27401661672513
310.48825040147017
302.1423413133179
336.2904724703398
326.48948638516504
301.6049068199394
259.3230364486251
219.5061123648585
202.66898717808184
225.4732036873736
233.4159680007262
218.60348401424204
219.9655498916437
264.9087945645193
257.7617943687129
218.5382011640145
185.02730017466007
162.5131773346489
141.75522400421013
119.98987268814534
101.39970890467119
31.88375487765697
70.38580232607114
122.09817788826267
160.24172569094563
173.43962301256485
170.420956159023
150.71279283150898
128.48333775807032
112.88408423418147
125.56078415103332
140.64107440997836
127.93530402081721
114.58262967869217
159.68342498283033
192.24160825706423
213.93197211885615
242.58238547904114
444.87185161165957
467.8319774390112
435.3722849584151
384.7375076216948
326.4533114586485
276.32908455905175
233.90102134992628
203.51475796212614
189.24664802208682
179.93544267803784
195.46156821698435
221.87109260261474
235.46378922386856
278.3334822270868
272.2276184276326
293.18305836625694
303.65663786094336
303.7429501730465
306.10174105896647
295.2462528774679
254.80019964225622
227.10687275289106
197.54806242511165
31.6934812067058
103.43832572639538
195.00270799922862
212.16921335567656
212.89854380842723
236.41348231573687
244.02143996392402
245.75595260141768
243.3069304756929
230.1344736501957
252.75314579911344
255.01390256800957
231.88105032343591
218.30441220866177
217.2344794623815
243.75022242843633
275.6032342581078
264.7278573203512
226.82900085185997
199.57022890626988
206.21007760468586
188.25137958357553
162.02581264881778
155.8237450589395
142.4222869624964
157.2885949425649
146.56420619467275
127.37654499100952
121.88588090421759
139.35583907599036
175.87533420645784
198.05782328591522
209.38510727937245
98.90909281734525
94.10929850746633
146.69762453058712
116.28083081722005
34.48251624473723
30.02568226029502
94.53855845775198
43.593343314959085
97.74977732018701
141.24562371572642
192.21845275146882
248.71088242408103
343.48542515549855
380.3152747014425
369.6013907487063
350.4210064108174
313.2481926608378
327.7085350709313
300.17672967209154
254.08705626417313
235.3214100275588
255.8067751362751
225.52734587783726
193.9778967145292
332.6534061809444
433.14121793760813
459.158386939246
494.37398436467396
424.6732720710219
395.5894712403708
412.8268730000445
398.4967120094897
383.67085406631855
386.35628219098726
351.7844080173612
352.2701813430735
365.5075021894285
351.0352875222904
373.63120389863707
376.5010376633664
380.31342870547064
355.34583061664085
307.99693332159035
309.08692563705927
296.6437424418131
281.18735952659205
256.3215840124035
26.975996335160495
72.53761364720765
133.77184233238822
246.79970212330016
365.0302411194191
332.41269611534545
313.47041835068563
299.8512515732903
303.52965311357633
398.7462279486648
466.73442971283936
457.5711956675857
426.7617405925855
405.8929723089338
374.6750453806495
381.7815205777701
360.25597193044814
305.20568205893414
265.4900810609406
238.09083653727401
212.98154707869386
194.7501405236932
185.12958726127334
202.59789231814648
196.77920665683797
203.7348357061656
180.45610880693462
152.74855423246404
131.0425909376389
112.45971355994125
97.43499131262082
82.58411273784385
126.60297160418183
228.34655779215507
314.1501445071042
316.3829840795313
392.31853298814866
449.80762679767753
492.40700025090575
543.1490683347396
32.03308455432586
85.57299372362934
100.47719123846805
137.44968883944887
143.5728993863637
153.18422057990972
130.15583081341347
145.85712148457947
166.25628750560693
169.4914603619111
128.22166143859204
58.132772895777045
140.2751397619804
217.26973913690406
219.30923915481924
187.66355113011699
158.84935293558738
134.45933840695227
117.31713913279073
114.91257573091357
129.34895135820648
115.60912130592347
82.78271608368331
43.9619037288682
66.23383415803113
62.35308625575085
123.47181717551136
177.71015251886317
194.23096945489692
198.32411052577086
188.95653788543524
161.79622550383158
137.43432383270627
126.29481608919632
115.09944547218687
102.74024225612308
87.82696291399522
74.96648911003192
67.14845354871834
73.33205021116038
35.47567834345351
85.55352985087404
138.74047434994367
291.15835453592473
313.9937974814554
339.2802148864462
381.48019734683635
392.46553419897396
451.30225885613936
495.8032201663936
595.459233998381
588.9919540318725
569.8453496610739
590.1192248649903
639.9487474991998
676.4577896826412
652.1013391669451
595.4598259819971
652.1333946215825
696.8334405349586
656.9691266881549
560.3987018893182
517.93034517605
460.716754469584
391.40087435031705
337.7396452574811
290.2228279973128
263.619871284789
284.25529506255094
284.37172485727206
249.9235036543251
283.1771260394924
297.80373962156153
284.1405143053951
244.62746857588382
209.69318544051424
180.69272027496854
168.88548180571686
153.98380879178256
130.35994107627135
40.15407210206716
121.3652976913161
163.52943486917707
267.5222465358449
346.34746030931484
414.664733300899
411.784364181834
438.2062662501213
430.6484947260215
378.7664128491829
322.0435549284818
280.93269946648985
263.79014079874054
226.34878767053914
192.15339892921435
162.6498214515613
150.49100578438393
202.59010904999988
191.64561857100145
204.2288432496059
220.03329468189676
191.82191762715829
186.82375590782516
219.00832784008338
226.05191166526578
212.5105672764161
195.47404990811174
207.7410992707747
206.7180085209865
228.70710171116573
253.26236974353378
225.87702018340815
229.66841294998298
230.69799025431442
234.43868168556435
207.29834325706128
177.12293950415
153.96367304396878
135.00023728104867
160.6585952223305
33.874393332301025
63.081711038051544
94.66747080304515
86.30633163290302
85.8003792509427
120.99249317265374
159.39318763905698
146.77562625231403
147.9535060169125
184.01325531289214
234.79841755772773
258.6133239516649
256.27999390378244
265.657517778059
258.8356468045289
243.4832768818105
217.94799835942644
196.47878011056454
176.7307022538071
149.5951532826124
133.33229492848
136.6501641716947
119.25873234356887
66.79348921672009
77.8157765064358
123.38265023863688
167.87151054397435
171.79318475102565
168.71063714943563
174.0469065922891
167.70685872824654
45.7939109599425
41.973920465537915
90.14979395471785
131.963686665605
155.89882830854802
48.13273602084116
87.20555896872376
108.18780821323783
52.81834351692997
23.85006962049478
65.38662015444312
91.61020029242546
119.51546357409923
144.3459420619118
170.0655517124235
191.75586695912062
269.78134343960045
298.9164453707461
280.2377742965402
332.9862525269603
377.5903558123751
360.6159175793869
336.8785319325979
337.2504773125456
322.66706760580905
285.25986573816544
270.6295434262792
311.3197690369475
307.62646240454126
289.1552837417665
264.3257047699764
234.37438542073522
223.71386920490409
194.57669560191772
164.9786518108014
141.21242425774446
120.06151617919849
113.95364385525761
147.6213447229457
191.91998952835652
209.7798331027772
215.06035769618384
236.7874253868796
209.01701228284773
177.59742423482726
150.57678910964623
127.4569588667826
108.70179425657379
105.96408460598052
38.63566752480486
173.71338888595312
224.1361391186235
293.3097397597559
331.4814542387083
375.3475625489355
381.43071912032764
431.5099895414534
446.56490038743766
418.20333154521427
370.8085796093304
355.7288846355117
357.2736503436558
356.2609795704373
371.92433878077145
362.36166677932675
309.2186309189743
263.61929047213414
269.8807892524524
304.0229773872531
501.81955624787963
528.4212451097686
564.5229815133272
597.4544235933972
599.9885946497293
582.7593765628939
519.2331936638118
440.0449447440462
372.9339396925295
368.8314583613074
404.56363916465114
394.91015303942874
339.4314434755886
287.81087961616373
253.20836524871592
245.7122260123163
223.63591709733575
189.45542778837944
164.8484445921062
202.55802937004745
29.984124115187313
68.12149039335294
153.70436384113844
243.15628725997271
291.9592569498463
329.40500055215495
333.62940066709325
335.2496280912099
374.2868537064517
413.1998895914182
468.189609382918
479.78326768821165
469.64298952212744
512.7565031781606
473.869587393531
476.5111481817118
523.563180243921
633.726294345028
589.7879472787554
506.21967072876436
430.5845513720285
375.38731664263236
329.6979813487248
286.02021771121554
276.141736903755
258.06965191208474
275.2254768527854
270.67410812519415
231.02909528581793
196.56528281640792
212.94632208661486
278.50472372886355
471.9825979420209
454.811438738418
435.2424552745548
391.41034011455895
343.5439403745364
292.21375221274326
263.6450568047487
224.40106913272857
27.9295714978207
79.29778660460798
116.40226485014833
112.78449165609032
125.86572500148482
149.40561145764397
188.45438487272264
217.7470239126177
223.26381255406952
200.88814974685778
193.91786160639901
242.28660723413753
272.497666124984
291.1784392465753
316.31044255120054
343.0201503644686
342.5915666573289
342.3724010517346
316.49389507673504
340.872231652923
342.1351130010995
333.3658832538382
363.4679757331854
354.26435992384074
358.24656327237557
374.337474013932
425.20943575421893
532.2299918610559
462.2038898621236
419.02228561870197
474.94154729671965
583.7760556521088
595.6494971738425
589.0553527165849
507.43046176474894
508.9740099347469
628.7207080842638
621.8081925184653
574.457941766117
516.3518587232785
38.088537079468765
87.81463833674695
214.97407351209083
246.40490943402907
308.23525734351773
325.97561878014693
294.51714338938143
259.39261885280473
230.10223512424466
221.5052793587476
200.17797391354154
170.35281139970414
144.19653522829643
128.03153972488116
152.62861101038848
190.79343940342883
205.18755710067612
214.119969820973
216.12991743592974
212.6721427299577
212.9915753366856
209.39741666218117
231.27219379531022
234.98014407408263
240.81292479684066
237.2692027916783
226.8436699510892
226.67879665409984
72.66150032066935
87.16099947046445
121.01378157061602
54.50246693955288
48.01387207803378
44.88891414638752
104.12946281790612
123.39241254054836
129.50944242934122
55.9288512179751
76.28781099094185
44.57589338130175
33.53092679994895
89.62285258137676
139.84276118963382
175.7263919575833
157.73864774205194
134.12158472482875
118.76160414613196
149.2860038826392
169.4124029076533
179.7083884570141
233.8557886702162
236.02283668839993
210.4734323115687
189.6543329653702
160.96833558876483
168.04230057440702
161.35780294495174
182.56150020056853
280.8964222046194
372.54300525627934
410.98362231848307
356.9427001044076
320.0328777506387
414.94264545485686
445.8155991604886
421.49267403604625
521.2135093026237
528.4212341989779
567.8920925421736
594.0284358862488
679.6378503812109
639.0422420929693
601.4544951236046
579.7302521491368
549.479823656702
555.3380037026803
519.7103159154333
467.03916664825937
415.97066381845156
368.7102355796918
32.4533245730272
128.6628201856337
186.6559429034277
284.4239507544864
341.5116853991161
414.3501514111814
453.1344435395299
444.4106892755387
405.6444961979629
387.4301591658949
390.9535203004214
379.90630309788395
330.85987570961134
299.1020219285402
340.3297389483225
518.1786628268777
553.8437837377255
566.4353761636098
567.9706668180062
631.6708147890641
624.5321546031871
592.367876016511
620.0968876076051
619.7257030179295
555.8150926343641
534.2676728626774
578.4827851531339
615.2572832663476
652.5584729375563
663.8459473367574
604.437158972917
543.6165103520725
563.8669649975889
570.6089851569277
567.8618936122539
499.0004467304685
503.94594426103833
428.1482971978526
421.1904160567438
470.4841562429398
39.03898621108612
79.31630576867093
81.2987056454657
72.61553687452864
103.29518291777615
139.19242965521883
155.3520856538472
188.65283616474326
196.8635961791057
144.87896427267168
53.42274610821856
104.37596015617572
159.6492445630011
123.33047641742375
21.779307774407485
64.239090795579
101.84453772202274
128.049713125579
163.08322921544482
174.54232704929754
197.7903915809265
200.37468954280416
44.34047794596182
80.00167818658535
34.01824449796928
60.07856186701455
36.63683984415161
86.96179937198879
89.31273965849395
74.54006570224243
124.61367411288713
146.80821029410708
151.00914180518495
85.70680334124684
56.918294400138066
89.41474438266688
49.29360719851895
124.99477994331201
134.09999009019552
130.10826273587952
32.40731351785612
84.09181474119646
112.94262861622158
137.64851433697518
171.5981551525097
188.4631738969528
204.50796299118502
199.14202542289672
195.9592548900529
213.66097046356816
249.02735438573268
270.09691797185894
276.3139912927616
275.6540278316589
281.7050814564324
267.8597271476858
238.41067445464176
215.97901620627388
224.22039664750974
231.91748886052522
208.3687824791701
192.30889580518928
184.65888424343137
160.59639278637056
157.5310648143809
163.0363396405884
200.67615975604213
241.68316802962656
244.1531289298241
252.1025925390342
277.45019344331007
284.1362421541316
251.50207979022647
253.1365463779505
261.57370468028074
280.51685056779564
285.1324900506183
309.79866606771907
292.9735599988596
251.35317410855592
46.751602549087586
116.52908822232195
168.45706429482567
228.65824580958292
337.1975127408688
348.48180604251405
357.5274509878161
401.37697839613526
366.71939998155784
345.4993271901247
328.10868693391046
304.0905422899711
305.60119333501314
300.2168985215998
281.4378506848912
407.8720229954503
346.7268167833796
306.19005904742005
313.49918817571523
296.5311986808762
271.3901614743319
263.1661869975871
272.0768622157334
307.03673234087205
276.97929797313816
235.3420774089794
206.46386040905546
190.80344773564883
174.97114997246342
203.61650180388375
224.4855708817767
219.51596643542302
186.05524540491163
158.29165158800052
148.8556541595839
55.003512387967945
61.99486726035611
72.96722670971565
66.65558791511677
48.90255707642492
35.014899271026295
58.99700001584891
52.813479052591326
59.252154449445456
107.2323997422753
109.03540617779686
123.03964559187773
143.495361083149
98.02943226293678
82.00155300915984
20.711456773554346
18.244898307278387
56.1622630510358
106.35660034240637
147.98050057715963
187.5264911104369
213.86370567505
247.13047675726983
236.87969331810237
223.63756723470698
226.98082585193578
218.95055389688793
186.57921316977212
186.03078625184042
207.7717008397543
223.85768794057392
216.7993286666342
201.3870220172513
180.4341453660385
69.53239859616481
114.2076210680021
146.35014390089918
151.88317677280943
168.24593384794053
184.9286798439639
90.31204329019396
57.02917628502459
104.20816722854357
138.03825241839814
124.5816001766506
43.1302197341872
108.03821352380332
158.2388045794957
176.98145743031114
162.54367467916083
142.4013293936935
164.40395594906136
168.13437079660943
191.46016445687977
204.7883822227451
189.44898924921847
64.38056656644952
139.65736440225749
206.2957464814321
231.63849133919925
225.5675254421731
271.7685273106314
274.29229329265786
264.3553734120836
254.44452691731502
219.73524298073534
204.38479448413884
261.121818755931
275.2904697374422
253.55690417232302
248.2002477153822
235.09706061995414
204.93950139251322
186.76162380757717
196.87255049084357
179.64466397723956
166.07391764050848
167.76377860419075
190.60422063433884
181.45651035456683
244.53246109522792
277.1413123972668
285.3311980380615
242.9279511113639
206.25796595144092
