24.95236627668411
38.83248526726117
47.09009841650197
51.81809494098554
66.75316602581667
84.24741991144262
74.85529807456562
72.14831889238465
66.37855631788587
75.31325087755657
74.43575063577268
65.59124543442972
60.43302362015855
90.1934899441687
101.29501783064224
96.4404705756392
85.1674998313487
79.35579877366804
77.37064375865756
76.293262640868
104.10633707411287
119.73057741956622
119.2144350086884
121.96128114492096
134.01442904220085
135.5147126268193
169.17780051132343
159.08003625278238
137.98951532403578
130.87553882651807
125.03883868287807
127.36658368098115
122.95031541913379
108.63977390702698
106.73679811546963
114.78609746458999
132.48485934773979
133.23242862746767
134.91072436899714
138.66370189011684
19.274573574073777
43.490770908880734
73.38451659525725
80.22944410531626
99.02682654847199
114.37735182487002
117.78450609095293
112.01234761437175
126.95114855175059
141.71119748547045
149.05950455503478
143.7949544427089
142.5233708367829
144.0684637866545
140.63481563333045
138.11631295784028
133.09380477366153
164.31561314986496
162.38987857776786
178.9613601760834
180.66376686966464
175.4028558071387
174.95935554608764
164.26155386062638
147.8778095962332
160.6025418168113
152.20176706059044
175.62974499500464
190.1849189865355
177.7051936525502
173.97559338054916
173.8135551323731
164.55072823210824
154.15333701629655
144.43631053407955
135.90480170861318
119.82768237250664
106.05732869434715
92.08209520558273
99.66595878914286
28.087096641841814
60.00154625928395
140.56830668075514
156.08505048551655
153.0889969295059
183.57112920499995
208.33765876821448
189.25757838586125
171.51466433497137
173.05907191598124
146.8805952808255
138.04196829116293
133.40009557125418
160.29647756213876
178.51702488921376
177.52609623908887
185.2390331666508
174.55813705425746
165.64546250327382
158.15424652993178
146.91953110722366
137.06100213078395
121.91907966316369
139.21592991619806
164.09933289194137
159.33417979441282
164.88858662180027
173.72581612291233
158.13362744765965
154.5111405952994
154.9664689145505
141.7230130105458
151.11392916865083
183.2744507507471
165.76027007394126
164.85379520520323
167.6534940859948
166.34564805548814
182.02847630912734
186.6640836051504
20.34477685665433
27.613289471537254
34.54528187461285
49.38876731398251
72.48259170419541
74.73801312990457
22.658920900323704
40.63357762694345
81.79742435655524
97.39025119231147
108.53440351499806
45.68762755649845
43.5801380674871
70.36417503831537
81.46047680382209
28.919112089195902
66.53118949722024
42.16257976471756
74.10015920540003
100.30506624309844
115.46729908927057
134.95253483538792
148.18530376371223
142.73840536211176
122.55007437960367
105.56422682834811
94.57152061134659
80.35833933278025
68.01997579775055
63.837802479266976
62.965438244798484
27.03898187397301
36.042024561541204
42.27114511117718
60.54518701134935
71.7303840848969
73.6576030147829
95.70056919616397
112.69590220404196
130.77178238638987
29.33467276558042
74.18293633182842
97.21919362423316
113.4043544468137
138.86116541684484
158.35908570634172
173.40411229081045
153.62691152965303
148.9539450694739
148.2473047421857
168.90056497651102
187.41248548173084
199.1128631602843
200.97899300789186
194.20718073003476
188.49078297474432
171.29103014144476
147.09187385332228
124.50712374872828
105.9550689963513
91.88529764699155
78.21067293788285
69.65948733847483
61.52156998470098
52.075437797056786
44.079681686106326
39.44311438507725
49.78107176370149
70.67942112151601
69.67773213902285
56.36619381255503
97.48404497236474
129.2159947126447
149.28694503035285
158.43140311778072
165.13456629339103
142.6856305721201
121.26458973589665
94.40596575752042
28.33580483110676
21.742191871743103
20.414328820740327
33.45065105391803
58.86700800664404
89.79596959131209
32.32954973839214
42.09244341837479
34.03074314454866
73.06651151473413
87.83889218607065
121.7702077206158
149.9287561286595
151.09716718141928
155.5437911096885
166.47066941708988
146.84994975202937
125.68289473979515
108.01611329332123
93.16799260648331
79.55694395480913
82.35817528188284
115.76123375311288
73.51882966162887
38.693178757269564
77.03718055768896
105.9549227772976
129.031992949363
128.2672947095129
135.69319191263884
148.4361678816486
152.8357380948338
177.54735568049958
183.27345487588636
215.392689915815
238.99273525575862
230.50491207998073
249.23261095662176
281.80144004514
250.6754041886104
227.91000663142273
17.1892462769205
21.568903508727896
52.46997881741175
73.56826166095308
98.67234633735626
38.136048852642254
28.826284051506896
22.018292865930817
39.78149806609213
51.99905115601205
77.13816959883182
99.87771726495723
125.4278570134686
143.47467003746036
177.7993442731038
178.42255525285046
151.11900223950383
67.4810963122507
46.28565635362678
73.28380270917576
80.89085314980288
111.97188089940926
147.84187210059417
155.5123832380427
134.1651700143405
113.56520919981027
96.1621127967833
83.17742460979248
72.27709215467385
62.74257391124693
70.57873688956217
110.53920127575425
141.4508467025748
161.2157222370514
156.10268842163617
138.34549731244502
122.94678557725824
110.55034424667083
95.19328331969885
80.44901568629155
24.869922093322824
50.75004302821483
97.97439497759962
94.02678939692117
84.46087458791881
106.53988997887134
111.12852358953882
69.91257272793217
44.698536513709435
79.03358043479102
126.58285390704442
143.8717991104364
160.8686602627806
147.61395819820942
127.70321501636641
108.09543436103333
93.1151562883532
83.63627337841343
85.90516474515475
112.39199305597334
118.55976034649076
108.91221705591713
104.69226303798074
125.92253779953047
147.15410350877502
140.0163792143947
137.28026424793836
147.89286388911503
130.7888387550759
112.88081926335191
96.25598127309372
85.50874082155116
72.99960841988664
72.24274477254689
19.78886909382136
32.70151159257604
43.86392465001097
39.52015126765285
58.45894445766779
61.976137134948225
15.579334302178015
20.384945883204832
45.62298143512006
51.69036330991269
33.68027575646065
33.0490361347371
47.84139349094256
65.13557866808586
92.50235742802437
119.96131385946512
137.42146696983195
143.61362283155398
102.50610235663332
19.966312981955152
61.94451787249918
104.05410685852493
114.59117448867555
141.17256398927648
139.23429816943576
128.82254139182612
161.40019717265085
193.16949715356552
115.68595646230851
49.93924340874367
74.45642387312658
69.33894832966531
25.902699595331978
55.232972310187044
90.13775878097253
34.632152558167554
58.42516918107131
67.4811658287597
74.54557189593737
89.59451155931421
109.70164529485582
156.89317266774364
189.1636552192338
195.51473292411424
173.21333430133456
146.36832937539825
23.323648648314695
52.30337985810187
37.482811319354475
50.737850770003874
76.07871518543327
76.92701407229376
97.28004566908797
131.68505579577035
149.61545247634666
140.21657481375155
138.26178779940162
155.53968538369367
159.1440305330217
183.11955940912495
181.78973775813722
167.5466983819786
142.01980789411064
120.21383189308838
101.95928548828816
123.80765940031094
162.73913513982683
240.18091431186087
215.9532914633354
202.4258562402705
207.93396503073535
276.7496727050006
344.4165532357315
395.1780406108079
359.3268381000536
326.5045091400141
312.073507928694
316.13986562147363
302.8686817430508
277.65721342665154
246.64518011376717
228.73710416720394
254.8475704293275
229.12489908699715
200.30302673890876
262.8646115891237
19.127503273498732
37.46480546908421
15.624835825551784
43.004218697341436
61.322527323059326
20.968002465184043
16.4040206333471
18.905852462586772
15.89106688505544
33.8630263455539
74.60010891296999
85.3701316959297
138.80629466914917
166.58179660755394
183.30845452285314
160.180567833354
136.80280653023442
117.10051888300745
99.49375952127133
85.00993702351226
72.13277322685374
61.803214233785276
56.678605809769245
71.63982751768592
72.80638501582291
62.88905679470596
55.05426981225437
88.95763681393042
138.42445107391018
173.55168978894466
179.692894251443
160.56050425012515
143.9717855611606
136.17065855458338
140.22458059344638
60.84880350021865
17.23075783288775
37.67108930501788
81.22970671000095
119.32641546661714
22.829771526420128
35.88899083882201
37.384418584932924
63.02457366461289
18.39184238036154
45.359317303382745
59.33572268093471
85.76047890793299
51.19834133670049
14.97425336740399
36.406310006045125
86.62109032177197
109.53745250678834
130.06933874692075
142.56361792338643
153.7109522997137
153.6588404652444
161.5804710261567
179.17108165797575
190.48683496015332
195.74675649839116
200.8113208138651
198.9481619313415
194.40398078399963
207.08415519799357
190.02921604103094
163.21986261587617
139.0223397512934
117.72843011100602
109.06009419654724
115.87799060189492
104.67675184524244
28.437989086625517
68.28515299554091
115.5533022982444
134.95092072914875
41.04789678322073
44.7207134713396
74.13156791641292
83.30920935561382
28.297374918253063
69.59229121384368
62.42095800342069
21.588291801305083
37.994129188771666
68.56002180558575
90.70798223962396
124.66164051958788
153.8986070234023
161.50022015392491
125.59813193801399
52.04975384278559
96.84770816008651
111.06539866621912
105.55398882630028
118.40191980089061
54.66378791141886
43.857846306912364
24.305132020813573
57.27688440242139
98.68204698071355
127.26279487053091
124.09024383442343
126.18552899977253
114.62310839823884
44.416087544075836
77.04605831725623
92.82834413464053
125.30909016530401
163.51425949542917
154.4077383204638
171.40477668474492
175.28177410845197
149.85397426736793
126.84512631167708
107.41691458394172
106.83564360050502
115.92002913286825
107.34259876873865
90.71399918882307
25.15858732158097
27.14347588081615
46.09462584479351
61.35230473644025
76.97035176806655
94.20683586610757
142.63885215448494
157.29991622357903
136.96870500959193
116.28200489181984
99.34111208115186
84.08809957481483
71.17706196330688
60.4094177973132
70.0307611862253
113.22623227049242
128.13366246582197
143.38508017739886
263.9408556375208
256.53666762485994
245.74782065638297
315.40944497013356
363.1573431115336
374.841298855097
337.75012874603226
294.1805770112176
279.7885175033942
260.8006839328258
222.77812239679912
258.0379497341254
232.58179007211592
224.00240944868776
272.6208464915044
246.0131068729402
226.98488869957043
266.5840364588521
303.56796310305805
329.73428511401914
345.7025689767131
328.912996974056
32.7105956315037
67.40112085582481
92.44136167086052
104.79242762737589
38.088874463488885
57.589266311176125
100.73985846555772
41.89769328745966
62.13475427864125
92.33448985720065
110.86163275376214
122.20973844471281
150.9336471254437
57.81140513237825
58.4615314291946
81.69448439550531
107.01916363584411
127.38432710467401
156.0195410901041
175.88207981559893
177.4591342289095
160.3247980706274
155.20801276179785
165.4811660133131
181.55123970224378
178.75871499260748
175.36742037840654
191.66696431450188
200.4560639360284
204.64166817686916
178.1517269073836
153.91155093026663
136.26326942676317
133.81222643784528
125.18852967145094
152.22792447360203
132.5182310708647
17.449840997351014
44.61639527378329
63.64502477492789
36.325172473941194
68.23873157350754
97.09712026576418
138.4350173174325
174.4295113278679
182.79664570308336
220.73020949338576
213.51070583849196
210.88356049117124
77.20647784359993
34.327306984115985
92.73547656153512
126.77321713235061
158.65535402008092
171.4185926402464
174.2962724745429
174.38196654457562
189.36529481104586
191.59427011310052
164.4723146269475
139.21894047605548
118.72951706559745
104.11325471861751
88.23358965932638
77.89829242736795
78.58792332310544
101.38515539969667
174.38668792327476
209.9939288711919
200.48483147737983
179.42659885000666
196.8797987132421
218.60658469191122
209.8807734598525
213.33653778574023
227.12134422698426
222.9020068010567
202.02642684082315
175.59554430378589
166.90526850732311
23.201210192293853
57.23648143994385
82.63953380042868
28.05012949619555
53.48584914770875
69.76651849929144
61.489238075305536
37.55506051844472
67.17143695434766
90.56931254393307
97.25136469045026
36.78294456335252
59.84461839342862
95.73275812478775
116.3766760179728
137.11815421021305
154.98122381905532
146.2630280939756
160.2223449595039
186.68684029133217
201.9584564724911
203.15051254419086
226.2614552589383
244.36012161016538
234.83633959995052
252.90168712312524
249.73188128682338
244.16201731614362
239.4131079170818
232.95849552294828
228.45603114154073
236.35116578386177
219.66051775789515
225.0346249215503
247.4416606115434
251.17149461307568
228.19747956733667
212.62750804659623
194.04935151091743
168.6236720193125
15.392891569922003
32.49820558893035
62.05235695900534
102.89353508698747
128.84709202218465
140.52405779678082
126.87487751176947
113.701230466072
139.53105971008196
144.06319812896527
133.22593640659153
122.04235106346229
117.49884343623873
133.16200944422604
130.657688119087
121.81880037239547
132.00768041770183
175.35458087585783
190.35868667386262
185.90258218718301
181.2867827883031
206.20632045876195
201.5084406614341
188.60205382658597
214.32221105299996
255.9413759179898
271.0149632412849
290.79999000306265
284.33440921867856
262.90261214686785
250.5225280321329
242.00468804664456
248.4265140872717
226.14229815142218
210.07114053743607
210.50853562233928
226.31468563395066
235.33713717326353
236.51759771017646
225.20622918323062
20.32731709671916
49.44173939816961
109.08701256326525
158.3781965664838
200.39981167745236
216.62912359567872
214.46998612128087
213.2023931637741
193.15425730597056
186.12590031349808
132.2440678217606
30.883469438253442
89.59036871519929
117.22107188453774
141.41036895257693
145.93231887223524
168.30094279073285
155.83293399280936
140.89250436886883
127.31881964685142
152.24473092793377
177.92953275539597
192.1365183932429
197.61462984476483
219.57657011579948
224.26889720486915
215.12666077830292
238.2143917158923
255.59515148316964
252.3614684575028
245.39734880189027
250.2822915922152
236.4144774549027
222.24190533363847
234.45666713666074
214.95351093354867
184.09927023639244
158.55496323285303
173.93638983795353
208.14423488403412
22.40298304036789
50.74536208567463
76.65584112792847
98.27739688042199
124.92325879224428
138.63511053710292
148.07924165367987
158.6133349493606
172.19008972045197
196.8824366227792
225.97189059808574
212.77467596597114
216.1092696813171
217.4119929929058
189.6931147170065
162.23440857891663
137.32464653607838
117.04143649596304
116.1315536518498
160.33898551213025
176.51211561037928
167.6090738395877
177.97911933794194
176.14225015303725
188.65514252834203
193.94482335900142
180.6818309580924
123.72995123409858
50.324665206331616
75.7161507621855
115.61557236817862
139.7323263924019
150.72459584112445
170.99640149832692
176.45975458990193
192.13553586744663
210.25765414788273
252.13407573098183
241.5012798287974
236.9167612795467
29.093306913815397
52.7170794922012
80.5870320925753
85.28200566594131
86.80774353273213
123.49614922533549
209.9128313132279
249.44117134753586
247.40590739033988
243.0249342888029
311.03064412538254
301.37755213817866
262.40448243965966
230.26185612129794
236.8749143841098
246.7813626367598
248.9976979667547
228.05060043833493
219.34535932845267
205.46978256190047
181.28070536464463
155.92419072527883
135.0331654410282
115.54469449438044
119.42283632642906
168.87048490800277
179.2979092398771
183.02156982606866
185.61501864223806
172.3842590825702
161.73486571224115
160.5372689231731
172.6634600393803
191.98041139106604
172.8076005216873
174.69369102040005
204.16255779453246
230.17914013341206
225.30302771589297
224.93208796225355
21.861833556551012
18.64416921218125
25.911121084589322
20.793199662275413
41.38869756914273
73.33055670104636
101.32323763293115
138.77036540224606
160.67486226771277
171.23856690046287
176.0874037666763
177.87375790066307
187.630599549949
212.19984633066403
204.2788666245126
197.62637104977196
216.81888936523762
221.16025433833371
217.17502313053114
224.62592118194817
202.7131132050224
188.37493263772265
184.85637699744146
199.04976114884457
106.25453482155461
43.188031488783174
104.947081507515
121.23203999553516
146.55846936313893
147.99746901695664
96.93194235691766
73.97127658106994
74.99303864550049
13.077329005099525
28.511114896939038
45.183635245041685
27.175187356349067
56.31913266649806
98.14448705824664
135.42878162272476
33.00758097577992
48.024843105571826
28.78876640537152
58.58671121715625
101.20339689114445
142.01181196287413
167.16987559921435
162.97736982182053
82.68192179164846
46.71256388124122
63.32069323276064
93.44216120385732
114.79485779609062
130.26888654700048
169.70893454359006
175.1268728027369
166.46524432363285
186.91086322473927
192.33292320410192
174.43030045165105
171.21238615864232
179.95728969876978
205.90467624428007
200.53557059429147
210.36989945712622
231.7043932779499
220.3538133176688
204.83662204362622
196.11490955238332
223.63339180470305
246.37639588814142
233.68201097548953
208.39620686135004
203.06404400906501
210.12857655330254
223.84376902528166
226.2419780668594
227.13990750827116
231.45218185932336
225.46941315067562
23.831903914554204
59.12687866989765
81.39624120923527
101.70450262796848
136.04820657684712
145.4777890132092
162.14433502271805
191.3262503755515
214.3023287845453
247.79865581672163
232.40968779836012
309.6018957604229
305.8809797069458
344.61728449745806
383.548464173914
352.8186756092091
350.33193805600274
492.86059478475596
425.9192600165945
401.773489310825
380.4519871236823
364.83234568098015
353.3086735708932
322.1279464582484
280.04416587185545
248.61478389315045
252.88783335531417
234.59119682339303
216.6699308982754
203.5633268342933
195.0309190499779
205.29056780403135
191.3804502203449
179.42689771012326
182.26123123721038
171.20299185520858
159.33757949180807
154.2582476683944
135.31333793697965
115.00252313930608
42.392008637298396
96.278120107525
145.0942887263699
170.82842786649815
190.16127378649824
187.0665515643667
193.54888737221884
198.46859462460358
182.65376198547125
161.61201522680784
195.56496948501666
200.1671096566031
207.17127791012462
212.86042206319772
235.66511427627552
270.5852689753334
258.66899752960927
277.2142613224916
270.4194354648766
276.51365419418573
286.83031552190016
279.2281160645071
272.58592222950944
252.92802813105087
214.99790130381768
181.9867379624569
154.04416784243193
164.6095737274129
205.51163870691386
181.37216338144322
177.6460780749431
156.53348732860485
153.03368750169705
154.5954049512266
155.05545329744487
153.73545105696564
149.1536984812504
178.45924000081772
186.27805883589232
195.4204114395823
20.501594450444156
22.111974800540114
66.04709220728631
119.44984473739387
146.35529636959103
157.85871629097755
198.16085658630155
210.45435017694436
212.54217038833264
194.99741185178945
167.39681369723914
144.84282276201407
127.98680059356019
155.4697952713554
173.95563821500244
190.8766393153895
184.06498498513434
178.49144466772563
190.26656957372316
181.38378598982513
187.05952344127593
212.56063767240337
215.19948827673903
248.26455980467458
235.36050031689155
240.57970345884155
221.37011211726528
323.2852215869894
289.3071730794628
296.3935766754963
298.20603545496647
276.1707288612923
257.79557062199933
283.50540441209824
301.5092869069702
294.1793650120193
284.8147467391937
266.2006934580367
252.78818231035234
168.5849212163098
18.894039994019565
26.043141221912048
55.29332033206912
95.87590318483889
121.60332447531427
141.72861149158848
184.30841301666595
205.0589097384683
201.2883655131171
202.61922422031512
204.0985696508378
190.12503668895317
166.4992319180374
174.3705245273244
228.04299192615093
286.82502146853204
329.7679736756504
343.7719626612348
348.04065075201515
328.79624512987294
305.868773052867
315.59992133373964
330.0912901735019
325.72809535736377
322.89567423753897
304.49525602597186
401.09920251927593
450.6652343511612
444.7338068013855
402.7874128638988
377.8523774283875
449.29099886150084
412.6573155828139
371.0094109731603
321.7575018809764
275.94550554084395
324.9206545857722
355.2559690429001
334.12327432753784
288.094150614806
21.801431681138194
57.22583617534165
77.33862574427457
95.41226699355954
129.94246356738418
161.94908001295542
186.97067918494506
186.11683501307337
199.04769662559968
212.83536746344018
206.45895866879692
190.62812803849903
165.0793934099828
162.80593485339193
67.54053195536189
51.379088522922956
93.20596867179843
125.02635408566478
106.02219306461845
26.024229716366303
47.301455571670175
35.57214176451891
75.94798021505865
120.5772806599032
146.42247762232384
171.62920302753366
164.09616832973126
207.5479303418714
228.3230198133423
243.7462204624252
258.342506419077
246.2609690872372
218.74221346532437
217.11848598404205
213.79067548973802
230.21770919117256
267.35241968089446
277.8697170968801
297.1567227989362
270.9345140448988
24.51689964860423
53.00832686192804
92.59753830661305
128.6364427305177
141.57188667673628
170.91909159541544
180.35762476818311
206.60013331052164
203.02238773920197
203.9579965996889
217.93448795885948
229.19769442177105
230.26946091876343
244.82722468670372
250.59249983752426
240.87276321158092
207.44993944871584
175.5977037070294
148.63611736461544
127.32077030704389
117.96807478066727
137.21172445040602
172.07654820439785
170.67911357445863
210.13444024376065
247.0249577502928
243.46090165774436
240.9752661780825
233.3258775029778
210.8458430322316
180.40410276478138
170.28581032979076
183.25538904356475
183.73294438316992
214.81737270972178
236.93750903982317
227.73524516370142
211.1977957500499
222.67860708716418
222.90317496143282
32.02054252946425
73.73059118729941
91.8103546551631
88.21709355263137
108.80140559118763
152.59640396724285
179.1125616677407
155.2551461952764
24.435062292106913
45.75019068261909
39.14066825966578
32.27121399185261
55.28631888628772
71.05819239555753
75.35600569225234
114.99914635713425
166.74108559383302
177.1264244036895
205.8012313868736
226.8640683827936
218.58451369171078
223.2222747412404
237.92119102344296
238.2487634762778
257.9037536225342
248.31326461582375
272.0261197153794
263.12695216228144
264.8559242804628
260.90266485583516
247.6687488380572
224.02348013718245
260.91880425923654
246.3931391400192
210.30297590602729
178.86245707703847
164.1674914015059
141.92576004022948
121.01296821460642
102.30655330175458
26.966600941125108
74.18404317840675
115.69993121617678
140.76806503015973
153.55629286137096
156.7676771881965
139.91226532304768
121.93139575551743
120.31780360018512
150.57191494003055
199.18269638521252
206.19567606650594
198.80957762662538
197.54588047191967
190.90274423995766
178.9592463353608
167.4724735960482
24.449555165893624
40.43171106870812
30.31930900275609
60.99686289978598
87.6278989169986
105.8439346223555
144.6264887034745
174.8720500766312
193.4248913976127
209.80236002249603
216.29856432182365
211.98369476696087
202.8230824404696
209.05576396603027
219.19699170115788
237.53044920793343
244.7811307504877
268.44339894473273
250.17787760912336
226.2783847673855
275.09800010997606
301.3790145077948
278.9082014097466
25.895825627656293
38.43969044290051
25.572595252333567
54.39187608746445
109.66316139547463
157.4628797285971
193.00114408896286
181.132138975027
184.96023880588305
200.3090387489033
235.92621500926865
227.91184967693383
244.91568933898176
249.42636028057115
256.14408106809617
238.82356840887363
220.563330780533
210.16498766306515
206.9280604884168
231.5999527390653
257.25980327952425
250.3938419317744
249.36340555755055
262.815578911945
265.86887472900895
299.0054628378693
295.114419593616
269.56100129727247
245.51758466775314
267.46003297072525
297.48492806146993
306.7516089672065
279.69575501640617
354.76812455237587
375.30551506434796
327.0266600428388
293.7014806363946
355.9060631181532
348.5470521462394
304.1466254666457
23.52324117691654
49.46902715469021
83.8500055589119
104.746792944893
67.42399467080028
40.934269067730874
63.321995655980835
107.85935110854022
155.28606487872324
159.91227388355918
164.681183190611
170.4445631415245
149.22666785725588
159.4649420602393
184.9641696360536
185.7123333987623
160.61371116001837
42.909895421255065
31.974963866754493
74.9052151507625
23.329711699839308
66.18504797506024
140.1325677782445
168.08068608130498
177.1216056571136
184.89475057156986
219.27150018490923
216.2715010650359
198.54299434231095
199.27411944074794
201.14474419278662
199.1881079578897
200.12240187206692
197.18527146767295
238.47801712502917
230.63646324411465
237.53041415475155
246.5593580184118
266.6122612701399
281.5295772856181
29.500119394692824
62.80470934338135
97.41075984218219
59.596858706367485
39.51204168096567
88.64641137546874
106.44534666756248
136.59802425630053
176.3435655496239
108.52811339878687
57.09986832300943
48.01954314890956
53.705430336148375
103.19079169373788
108.94776601468207
52.291949383308065
57.87193409909355
99.50922861262728
147.80516719432902
153.9087783441696
139.32935573439428
146.97674813547707
166.18003591941797
195.58040521798068
205.69276287615241
225.61258566457747
201.3687966749671
173.29260217978808
148.2579998924511
127.87519116640283
111.27774469105087
94.57118148845925
90.64442716608553
63.50990919137732
34.3920899175016
80.12091133204846
47.051069674718235
65.2200003575016
73.47915611824033
43.50333263597986
24.277793469660548
62.6071788591131
94.78559909149823
113.7394758560074
139.93655062749988
152.94320422029637
155.56945213691264
189.80688847271946
204.90364159812285
198.5135494946249
235.87963453971565
309.4101102456672
278.2888425196775
262.56847445702545
236.18982438910584
200.0725378456987
169.3530415767008
143.35027185689455
126.82194760258345
152.6382543740354
187.13680791495145
170.44762822608678
169.57772258255986
240.35130346291172
255.43651041914418
279.0671253607233
296.71288890060197
294.59695725195877
283.3827958109573
299.3263405747164
292.2292678776119
282.5362895470554
298.43012995400596
311.36058713868323
290.94652313763174
259.2490689959404
221.47340077688472
230.3125765925729
234.43267801897045
251.64543526218466
23.074754961392248
62.27352095651986
94.54380689877195
30.947622139745107
32.53147781483328
43.74701231959508
37.04011963730341
34.587456372521466
44.085680553135184
61.37217749914847
20.572569771576973
47.98321473709863
71.50586124371888
70.29704706025316
69.17651318120474
51.20206613481452
94.26061823408055
114.36274070079806
39.30005447558773
23.646876207681025
32.85000184850906
77.77077998610741
121.81565115770621
159.02947410299964
179.2560922264956
195.62230805081134
199.8550410726802
213.12406180801017
233.45912693497675
215.47302941491014
234.449870619134
240.04784583956044
259.7075594831176
263.3771972902574
245.55216842418903
270.7255109290212
270.18081326435566
279.99157315398634
259.59625109160424
220.09393938023072
21.95695147357326
36.603175341679425
60.05834503731803
28.12270544616086
30.78268746901152
24.742021340000203
53.74987861266144
40.64723781075207
24.566735683136827
32.16092409589658
92.60913247773763
143.68031016733596
182.06533999408742
178.70278545793832
170.24808061753697
153.42384197825223
150.29940671992028
175.42588167312502
178.65823219456058
179.2542065529145
225.63543012428323
249.27139364912406
258.3954972416069
252.99156049960655
265.52018890070343
258.1272227974683
285.61176663089844
304.90251013440667
306.06710882559787
282.72946910322
275.69992637875515
285.77006626299794
280.45180621444723
286.3594565797398
302.5452523989696
303.0566982222904
296.7900030024106
271.4628665273198
259.5785750240861
324.246451568707
33.38155282448376
76.44332550420606
95.35109626154322
123.97605109060045
158.48113617711778
161.96013227567158
163.05530229910374
142.2665335218031
128.94344296752507
136.2120415844172
167.9858119897578
171.62960632887098
179.85420529146907
176.65001305559002
200.6791501953517
229.1199546354856
234.03036328725858
222.27379112297547
202.87081196909753
195.6665319200494
215.84443878822174
234.26074373360694
219.17778298931768
244.8620809799816
259.4156129180101
277.7835927813252
293.70573709057743
305.2355868386213
311.3157971643064
287.78257008326426
327.65159069294185
469.6873757292254
459.86173598011766
436.32147692369745
420.6678042804982
379.17790945193434
445.72906432394984
412.1070446543043
417.5988298161462
452.78349392898457
15.133407090402773
38.752178836023596
76.71767898969142
102.44011447726726
137.49236923899556
197.2067632156802
202.65284060855757
187.96319681985455
164.52811389774462
140.48784030666394
102.82995774749094
50.92153416700507
115.7812469890658
156.9638462572239
168.30981678503787
175.35479289918428
168.62044805827176
155.38309543503215
155.3562180986666
170.85888944758463
204.08104377030656
226.1281342727224
248.17290526139882
268.453271118229
262.91848579577265
244.7150141082576
228.38830896797853
216.2187899012501
248.00044405724975
269.0927379165926
285.41725723881285
290.61126977640436
284.55141736119293
274.72114520875556
240.57614349051875
204.9851929333756
173.51139879190737
146.87014744772057
125.13462158751
134.89397851833613
31.54436673689089
22.193473002937928
41.76269877004953
70.48753558269736
107.16036328176013
143.40411258526362
177.24688054949263
92.27038525571753
81.69716844305509
106.25408666877821
140.9620156766153
207.2786968043819
212.22273554377693
206.9742657447265
215.31569872992085
217.74438574288797
192.70506490458163
188.40927177170278
214.8056663649734
215.22717203510638
41.68009079856375
41.058587916049156
21.62698349213112
55.2963078049875
100.25931422809442
118.83180607484735
146.69257914348952
137.86888638351303
132.5381940269837
129.47781058502997
161.46166564762447
198.75666165785233
187.12973623865506
212.97889234306754
236.9502511363791
245.420352314509
253.40069166171725
270.294094032944
270.3603487646901
274.1469070102385
30.140189376453737
56.612465987067175
55.423932127679365
34.769791016406984
38.463112800852855
67.59952244336576
84.18626147468731
69.85495182019062
31.49666491418517
46.381880442510244
50.83797468971021
25.47122629695289
36.23511437888288
59.94875748669043
94.71939848590877
129.68710222234253
106.19770644613406
54.90019232724028
93.57183718803287
103.34016277607438
139.830552027477
164.78249334257913
192.85511509998557
202.16470696124347
205.6421829447722
196.50249215343266
206.78583373787998
223.4719633189004
226.96583276375327
201.57557602288742
197.1934287434568
175.54687471215007
44.52517781594404
87.94726045797984
127.25479154458802
156.2274172000492
158.09105677886964
182.11286557527137
194.5318199227209
220.55124988383616
30.056259316822832
60.77106705716118
101.4024585033149
125.5886534356103
155.82379384714505
187.22330245730367
221.71907211731613
229.14755620001847
224.2845259077099
242.9511790664297
232.89679377941292
238.04965401257851
232.44984724812605
248.44496910793978
260.7774320353941
259.6003768790534
272.56610521585174
300.4363744776966
290.85738089831585
267.3700715294083
283.32783080992476
280.8529525630621
274.017102824764
276.7410833656117
249.34088805142173
254.78211708587804
192.98553035084905
46.46809929372901
103.46866775244949
146.69137210728462
129.49457708149654
34.154043550968325
68.80227170412826
35.9402327204008
73.4119542315209
102.05930569035986
44.55893012532973
48.677197221360295
66.72143706666947
112.10319943526414
20.01569022406495
50.368644037932434
19.386792121618907
13.810533372326432
40.16780975756847
76.4623477907579
111.98673181334682
138.55590258432895
186.3108902844739
203.63241882375098
183.41883561166514
155.2563786502707
132.12492186389392
151.90050810871466
210.16657386269927
226.08859916748662
227.48374933391133
242.43328739071688
237.52384254848886
240.78454802095462
270.74886351280963
280.60721462664003
283.54482593922506
272.5100350590748
261.15136310874175
286.5727351846957
272.28266206819694
290.4632939951514
429.2669716102482
456.6563493388437
423.7024588097136
459.3042058113013
483.3106172182315
487.4691169632837
450.25726085662586
432.01282251797335
405.2489950830241
472.14452545973205
481.0704062862352
536.3955967031956
28.922181592331306
71.20010471699895
109.4693372940303
143.73191104113323
136.62016083031773
163.41656574832228
179.46216510046045
208.03003229240448
233.1209595711858
254.3821173168872
244.56744813296433
216.03867016847698
183.5317282010996
157.45505442461746
145.10237843643142
172.62543866654488
163.95295331246203
164.81131943387382
97.4864617830025
54.289069638870416
42.303421003228856
95.81551502113597
123.58286138102699
74.87597058770879
46.83332038444434
104.30683426032172
29.54140889051779
31.021743470260574
29.934403682465963
43.204559124258644
33.22675454783716
75.83960597722107
74.06138829248923
104.45758194674775
123.70354007648822
158.21908789604046
179.62173286577328
186.35409016046586
196.5844614290068
206.5989981352482
21.721913558709524
28.88098741848293
46.43771520430577
34.51179814959281
54.195700669279816
25.52845944643181
54.52831315795736
92.50718686134132
129.54962034807915
138.42609856205203
157.7716713816369
162.81762868846815
175.59537627457195
208.71871001648688
186.27536533273005
32.08352481628201
31.37322970680082
73.33245449159212
78.68984619215355
32.71731896798081
57.562367196343004
99.05297040178206
67.31044002939524
68.4890946997651
113.81064303170422
139.46612618609743
80.4949040452191
52.48097779562483
37.53506057332895
45.49202379008392
34.62506381995052
72.76330274121476
103.42998835252182
91.47518862363273
39.47403173470132
74.45655994132578
40.750300036144814
102.40675651945104
67.18060853060302
41.04043952232862
31.956868381630645
86.7584014397199
95.15441161822434
98.3702835570082
136.44106303494348
166.28198503134183
196.58868469644037
224.12569637296923
241.51800997508735
272.1190194238945
355.23954975782146
307.1040727799055
281.802439055812
316.9719112846488
413.3373938401321
406.56183232110504
406.48414406826197
396.94547088048853
399.6303742672199
371.28848315521554
352.26195437551206
356.89094585727435
488.752626216389
453.38629043230287
503.9921558777592
450.52912527758656
486.06034844951984
471.20064881779115
487.8266829053181
536.4884731729179
488.3660219588329
451.5915698381673
449.4366663102193
445.16083952035683
509.89297049667596
509.72096354832667
536.3661022045803
510.7827215313938
492.44246851186364
461.1619588462725
29.221870008268795
75.68064001309645
106.48218454422624
131.0690868999672
170.45832584996444
193.15138965868204
215.68133204910916
234.61609111140757
252.80079965966033
276.9617573925502
295.8525302478401
298.7579496005273
317.9860152570307
320.144011886835
325.9731424160198
325.9878811248928
300.70413422647323
271.51757358964926
269.0024107308037
266.60494462385293
272.53687294694663
260.3614062279385
253.95088462261825
238.37367915811862
248.96264196899045
277.56717032823735
273.93507683460086
271.8389311010571
266.2427948557193
268.70595321906524
266.88215689779264
236.70895595811675
200.54244999772152
198.9331796671829
245.23970351679495
269.744596240598
271.16501634625007
288.9011466663022
262.14193798320815
223.83234006634646
23.97895470488369
47.718641029420816
67.61218888282265
108.65105712519437
63.6992473207399
61.70429181991123
94.4450115797907
20.549508521419266
76.66511606611395
116.17626156616444
160.18610675572734
190.78289209247572
216.34992469017712
233.6257081442415
199.06521600611714
43.505016767186994
112.22068205606828
155.2813474722333
180.37077892655432
194.52644345963205
226.8776792364878
254.91054423323675
280.3929493082728
287.6439668058062
265.8512537009455
248.4149626867903
277.6001242675083
274.8115621099853
280.500303230035
297.0715536609894
311.62410487430054
309.5924463605294
287.294100460654
305.06890853559565
327.6500102096945
397.0728597840279
373.4691997527764
358.3542435086826
362.8887850241462
377.74375069308314
24.332884958598342
53.4139540452821
80.98003668730159
126.30934951900389
133.42372130025666
138.6351716611766
208.38245688031287
242.67369602558279
274.89638121672755
313.11904502047844
376.83882298883015
334.6115926118278
298.549086697113
280.99772535208746
256.4027168587899
282.6586019651244
300.1779804418253
294.07418753716405
270.35235396267365
240.7348261065103
260.78857787822193
248.82343577475922
263.6107304396391
282.48568675747714
291.7551708587308
291.5909903143231
286.8294121117111
319.27263722976704
319.24754105751725
423.4800892093212
419.2294485072022
387.0288584787899
341.84895292813974
307.041367692093
297.0571236399305
440.5075889068282
491.17712277670887
472.13972070510044
465.97789361365767
472.08802770286263
33.822396435700576
79.92465295896683
114.01868016357184
141.6939533495019
170.5148114446316
218.51965966573184
232.1847347933248
254.03715313203085
266.061812693027
266.4875335631926
242.4997160473578
343.4960393146316
327.50487992259104
313.7156050012751
285.6573460412889
256.84740923688685
267.78106682271857
271.93415188161663
254.07688706248805
224.75022279687246
195.51984454110178
178.6150634040814
164.54977757652435
147.78706909965254
147.1490546376218
171.38085645482823
201.99306323353684
194.76408390668584
247.18560828171485
276.6931084189202
268.9106498950177
272.4514789619489
303.0001085312245
320.1877398951862
286.3013762964276
258.0835169090165
266.9519633205191
249.72492081267976
214.1204809665819
184.86973681429785
