1.2440610556129386
0.3770004706128458
-0.17548142329373595
0.5250346395966085
1.4443939362983933
-0.8993071132443542
-0.2620730150352873
-0.7783550494983542
0.7182366221470355
-0.17138203557955237
-0.786433661409839
-0.454896777754027
1.330920741458151
0.29894227665265516
-0.157458538258036
-0.7962841414712195
-0.41475356205963876
1.2084707566729118
-0.4877417030779129
3.8540548934088044
-0.11973953144223515
-0.2606571825683222
0.30893043620726524
1.092360065893939
-0.8834292122754913
2.2905028680515938
-1.2911951665628325
-1.4136863434470897
-0.6143324415304682
-0.7868863289406224
-0.09144476464775858
-0.523883962232492
-1.1515943233414627
-0.8052502815296952
0.4869981937428504
2.3023907355175224
-0.8457573586556785
-0.043594626736811394
0.2752637278494786
1.1357689442118848
1.1061007017646993
2.215791172753261
0.8623630015600994
1.4226650159472474
0.06574332756957486
-0.6406299664615676
-0.9219042154951063
1.142210728009403
0.229148303138585
-0.33664186569113563
-1.1100885256508877
0.5739152746169998
-0.5730214908402128
0.043291876794297766
-0.7378844753905206
-0.7191316383369296
1.9911270310945401
-0.6371449340575402
1.1398822825034982
1.7486324575659782
-0.5099032679879629
-0.9050488495176103
-1.03346367028625
-1.430920396070437
0.8730871924345642
-0.7439567857086595
2.018984991206202
-0.09303996975728296
-1.9277288549869256
-0.052791215794098914
0.6119214569396535
-1.4461199614920024
0.19298777005852538
-0.8063797694448783
-0.5842561770801165
-1.0582543299346499
-1.1683857950419203
-1.1834038335138755
0.37575036259876937
2.1152941097247444
3.0649814914906295
12.44301953625373
0.44218375337947946
1.5356475776190102
1.9138751944835315
5.3211596288033425
-1.0381857752417332
-1.9027558829045628
3.11434469093906
-1.9504519455895706
-1.0433770274719567
-0.5863492121804691
2.0166650843320864
0.9852726171861972
-0.8513899185829644
0.3414735803368181
-1.027151085586318
-1.1084172460177233
0.7416018766178666
-1.44016744920363
-1.258546975105261
-1.4957564389324765
0.7567138950830882
1.1159474344418223
-0.958686155323748
0.22526306071367508
0.3132514563579032
-1.8951732556689513
-0.014889366222564945
-0.01628551603040131
-1.3632678041086788
0.03474840288377487
2.343892342594817
-1.2536390511395188
0.13260631107988183
0.13755587701258695
-0.6486183665300437
0.5234720502085569
0.04879140347374414
2.89541204336724
2.1506761816762126
3.1310887933461093
4.466622601194652
1.210229163464201
0.04763943444955748
-1.6769532647719587
-1.384409403582293
2.0865028192773996
3.0385863964639395
3.7082094910076795
0.06954807358055405
-0.8497519675335645
-0.03053809312380929
-0.3751105831738638
-1.7257255386768346
1.0305749069384198
-1.1077675999511845
-0.33133286548555047
-1.480748068980921
2.6855351558699483
-0.8896980696499748
-1.328674039513044
-2.5247558255089073
-3.0356936438580013
-2.4229381867744593
-2.006220418308323
-1.9243801781785081
-1.6692644120910687
-0.5962659377843011
0.6252996325928757
4.848679891778562
1.3396974220700426
0.3937463763723512
5.903082395854579
-1.6293581742757328
-2.217858182684139
-1.5035199327847277
-0.34525834976133785
1.9310027815690318
2.638772174684988
4.706044506313799
3.6623825014021794
3.11625309107329
3.9299008586661275
3.4455321034062343
2.0656826692353114
-3.6181245762077423
-0.014086131141770238
1.6505127205628227
2.5715675496002395
-1.7957606673491338
-1.138048338186277
-1.272931387541915
-0.7478106717406485
2.8761172381317484
-3.3886590057464128
-3.5177417933599857
-3.0287131794195483
-2.583845303682584
-1.8329931654842575
-1.879162263889356
-0.9674598063109545
-1.1986249345449496
-1.2111118481367793
-1.0403627828871054
0.5798672111610066
3.9016509753179838
8.11507084865079
2.97797373308344
0.07201658056436867
1.8641959065971159
-0.14800903238599256
5.4605128847800675
-1.8188994270679
-1.6818878315404282
-3.911667441022405
-3.2585537981070876
-2.811690938001721
-0.14166623153361832
-0.18954618642785998
4.149489796983237
4.228950734976663
3.58766421228446
3.50979537901709
3.6561626783943924
0.757838532709716
-2.3885562268884497
-1.3925620779125918
-1.0084127161951693
0.9082947547913455
0.9971296635815352
-1.43340232968301
0.42237698717168526
2.256153120415089
-3.0769266512037508
-3.5843261627579106
-2.8538719666623837
-2.449940865824986
-2.2428017352063563
3.1882554770299056
4.939832761928789
-0.1017440152217344
-0.7868578586367639
1.1743369309112548
-1.1911124646217532
3.3983611005066825
-0.3093678500170872
-0.9377791652780693
-0.5477181151581467
2.04719490015991
2.016577097971778
0.052350138977661574
-0.08222493488680765
0.2302166491936533
0.05025331354595471
-4.236970149374433
6.458596546384792
0.3997746317554637
3.701955192698739
-0.3655580682379033
3.974401528883651
5.957647641777674
3.7482604306504608
1.6485175679934914
-0.38585594703466186
0.37687242158043127
-2.2612931656266295
-0.6914918948950883
-2.8521367681337098
0.7165719314906448
2.8392087103236703
0.6776668135673256
-0.7987867125635928
3.9708093307103893
-0.6588744224148095
-4.401282957934509
-2.603681126218666
-0.9050702450283618
2.8424330609841717
-0.026463527147986953
-1.3510708300223873
0.037300273460425276
-1.1458630786138442
-2.5394761043001637
-3.194346737810535
-2.7019539432701003
-2.298438606277541
-1.5935092692028274
-1.6867789419284458
-0.1328229424742377
3.0242486768514194
4.205664446317416
3.548145666576988
1.8157504103740216
-2.8829423894837807
-2.802742968117631
-1.5197513365521458
-2.0570456645658712
-1.9766016505069706
0.9866530600437875
3.5145505811246256
6.671398711815018
-0.10155119970508975
-1.3450948680157844
2.2774493236236104
2.8540693831171318
-1.832238167066419
-0.030168106998632937
-0.2959761099996955
2.82066977664292
2.4812017900182926
3.8193915174642807
-3.549474044273761
-3.028768459515187
-2.873627071338743
-2.4287378271819184
-1.8218104422455286
-1.2330120076496218
4.7525062438071295
-0.3029914582953365
-1.685064137352322
-0.6201933194870797
-1.7325396855866975
5.498347499432982
4.720464243684926
-0.6132434510523853
0.8158201968083042
-3.133435676825314
-2.6463288595510397
-2.356439312916389
-1.69975170039166
-1.7640284360351766
2.3171524864544093
1.462220560391455
2.339270656521719
2.329307438468269
-1.9215958174109575
4.551386049865769
1.1212182274256537
0.5108695884362975
3.561248392581526
6.90810092027909
-0.3544705550037464
-1.6641570211716763
2.815641930485142
3.2389697898869776
0.38412963574517894
2.087633390961206
1.2950141111699816
2.3997654123216674
1.3069020658939547
-3.383050479604869
-2.923269038165439
-0.3612201955849159
-0.8975050701786417
0.19820859184681455
2.6440990958494344
-3.304084509351167
-1.9214537440149473
1.8735012487623524
2.009914912516083
-0.1492133992836259
-1.9278939443471579
-2.302487951868799
-1.9504649695124436
-2.518299274309199
-1.2964074494862228
-0.04701653203638699
0.569817514473282
-0.7245309548339216
-3.2393738935990735
2.785854594248012
0.6255488252978932
0.2635343025506221
1.3119621820994125
2.97474371015003
-2.121469560753668
-4.458019043447494
-3.799686828743823
3.9332822776027085
5.621142837971558
3.2545704114280793
4.2188925865535785
1.8227998846731153
-0.6244023721863114
1.3648747735032558
0.3916819699726378
1.1367346616065166
-0.5640488618203358
-1.862604835044468
1.5714045533416194
0.7161493399947912
1.1593056495299925
-1.530851291755329
-2.9596177689840624
-3.6647343001132393
-2.985530656594533
-2.6452368523840186
1.8998115536239677
0.3547375396902065
4.7137236889706475
3.9950172513757307
3.4634510913622227
-0.371827836844903
0.1740969464810165
4.4405080547607785
0.6570735015633465
-3.4845483295005315
-1.819475010449704
0.8042089771083812
1.1645080573880267
-2.297794734723033
-1.9620887351249947
-1.6952999915968667
-2.6163445148996463
10.745357675554304
-2.854129318556438
5.109395483245624
12.257099978524636
-1.8860408331761715
4.189783022908666
5.273028839848138
2.9763478856718724
5.336724357348067
-0.20799520907841015
0.7136346913190745
1.9046312582506015
-3.59855048906074
-2.8096435213980313
-0.46909387001722164
-0.26125133343234486
4.754597147415956
3.5554028464715706
-0.7215140280380464
-3.7499299873478558
-3.4192284353679563
-3.1693143309425724
-2.501938288835129
-2.3168084748657023
-1.9610508867141634
-1.673605926443346
-1.422581887595627
0.9510941457521884
1.397818068818039
-1.0377612239785168
-1.3925695644928402
1.2009209636613614
4.972013681789467
6.561858706547004
5.868147513080694
-1.9701503983045359
-3.2198758897800115
-1.5453385690296872
4.709365002538046
-0.6537281551892307
2.4450246922736474
-3.1766790604327357
-1.0018065525910687
-1.2669009386790537
2.209555300929791
6.161853030775111
2.6690541135467765
3.8918538610700493
-0.027680475200847526
-0.6633437817850054
-1.422108572654945
1.1421565119948047
3.689919983354006
-1.9239479386644351
-0.39898832653060184
2.1777238823481833
-0.1345844773803721
0.13962843601393524
4.670787822279782
3.0239067806791673
-3.1365255759878856
-2.1398053289425234
6.553579656810852
-0.2393738006035359
-0.08245830327494014
0.890388983186808
1.543299402791311
-3.018534953665118
-0.8098157762719611
-3.839570754831619
-4.232596674483548
-3.572015419177563
-3.0706280638180896
-2.2041122569072553
5.533605969051032
-0.3454534640962228
-1.8713576260541
1.0273764483060968
2.134761606629613
3.145821448212796
1.8384028244505082
-1.7537332914985133
3.5768844755859375
-0.5539799692504584
2.5493602840194214
5.412314825370928
2.7983764047780633
1.6791998077805639
1.348198943671739
2.493578432990399
-0.9369896805990768
0.7555413267889128
2.2950055447475033
0.8228464965697512
0.5272780397492323
-1.2058696862026446
0.08590223036072496
-0.5913035536464988
-3.3068318785988566
0.04363510373344843
1.1287724556759886
2.158908798416053
-1.8508121490415483
-1.2913606292741788
-0.831446141576637
-1.3089093007463921
-1.480108813437734
0.15133356895198222
-0.3020795838655818
1.4637404059721912
-1.2274763116798904
1.184956499690148
1.6504804700154672
-0.45958595718049217
-3.409511983047632
-0.7383091031154465
-0.7168676210323579
-3.538923176654945
-2.9525696652589666
-2.5273977788620883
0.41319288396368314
4.520556569578192
-2.6245657025246873
-2.4416810852977564
1.947720715119734
4.618928171817137
4.764639222621268
2.125440639131075
1.1158085852312154
1.2773695431015561
2.190511726296513
-2.2409873469319628
-3.4329983390140395
-3.0856313966181563
-2.6230725704983047
-2.2146840014983815
-1.8836549203050512
-1.5874187887889766
1.2529186121969529
5.95279391265644
0.14297697219776273
-0.8810042257455626
8.798915313456913
2.8467654720299906
1.374661369555884
2.318216490343829
2.1319363915250453
3.477865664719738
-3.09361237327485
-4.015137062451381
1.5293046900777287
-2.997432359059075
1.390902748262145
5.568032342633371
-0.775980290663462
2.5350162562551777
3.374888929060543
-2.3473621525966046
-0.5431548476470764
15.63485669556332
0.42443298824280806
1.0486012235954236
1.0837402890604437
-3.7650291571307615
3.4699637106210237
5.3185572529208285
4.10383961594918
1.5097350835481456
1.8049614352098506
2.9326437621244295
-0.5804033748964476
-2.650882472263364
0.8852754479512643
-0.45493233945956024
-0.21295960951871643
-1.5996365990734702
4.541903859844644
-1.8321086184421742
-1.6477490973039908
-2.090089332937366
1.3567754967316865
-1.8123185057612912
0.005628303175412611
1.3973246064080633
1.6747067897762373
-4.289714167501492
2.299846765671983
0.4704151918200224
-2.3475781694877647
-1.9627974515170188
0.6731088042908282
1.1911420241096484
3.0920537010069413
-3.6826609879840206
-4.100338182331383
-3.431441664210145
-1.43817363589434
-1.5121537379117211
0.29253098683764167
1.603000715005664
6.224960153519557
-0.46862279150398883
-1.3201531025736752
5.445973831248431
-4.891922100645555
6.576207288802785
5.220137811802672
4.16715697621968
4.187159812713213
5.002055205708021
-0.7268334397873887
2.436203962577079
-0.2290358584829015
2.669731388851829
-4.6698556499596595
-1.452576691182271
-0.8431938502542592
-0.09936978843895532
-0.35756901576347344
-1.1928640508407284
-2.6705486164630603
-0.14198212587213857
3.4280671355911867
-3.9277421160187314
-3.785481601903598
-3.4542100554691837
-2.091044703165339
-2.5595786792617554
-2.2257134189179197
-0.7944979565220788
-0.9275830753729053
2.6212752124850947
7.33763343477034
0.20466332821741015
0.6222893724018661
-2.4993418392048836
1.6145004894958472
0.6126819598268649
1.9405539446135711
3.667086992533856
-0.5641816166501123
-1.9588975101235901
-2.4196349923430827
1.9010634457862898
0.16542183948411582
3.8647274053105725
6.697683261570697
4.230311248095468
0.4065233978413211
4.522688720227342
0.6273120473902553
-0.15093993256183363
-2.5992319657519993
-0.9033476708789048
4.345626112968439
1.6897475026108473
-3.469736364110111
0.7705471100821077
0.5978934727204069
1.1267174302484217
-0.5553697045808451
-3.4016348584578187
-1.754008974879023
0.49151028096575816
-1.4514238502187855
2.427122080940358
0.8907014872890682
0.055711097203095736
2.3624685681204953
2.1468361252553905
0.33958927198983474
-3.9703852888801183
-3.5249705284009742
1.8185442862209071
-2.2792237390524503
-1.0957848711874112
0.3842085054971065
0.4201030679445703
0.7919848798429702
2.479699657619672
-1.2490542346549944
-2.8351793497339854
-4.532064549362666
-4.032457584723386
-2.8488969415649623
3.320201324454053
3.3676589420584797
2.3307491871199586
6.598235240082162
2.12920975704408
-2.532849129370656
-1.7816091930094715
-0.8117549162733751
-0.055665576371151444
-0.7341089129889103
-0.540009403126771
-2.0768999525943483
2.803541344001216
3.9656376177125576
-1.6219287046698103
-1.162920366519215
4.4805151284215174
2.6721735401680102
1.0943197883454416
-0.15914752393791515
0.6192308362598067
-0.8689212410945154
-4.223770930398633
-1.905422212049305
4.3005884242172545
0.463969431940686
0.4968039916741258
-0.2972745908183492
-2.574490936672123
-0.9804779565670783
3.370316715283862
1.8120583894505562
-2.3387476548256982
1.143427783572336
-2.8554292706253914
0.9028720885606772
1.2127889582439113
1.6147126342958253
-4.347459693830465
-1.0170579124765362
3.507040353053033
2.873048984578071
3.1821141972827642
5.46605142447083
5.5492710757429355
1.0975660585052633
0.6914129473373964
-0.29662726630750924
-1.321752784071634
2.6066140601753314
-0.2158583228420581
-0.02364867276542168
-1.7904668321722108
2.7016046709934716
-0.6765430896346111
-1.5862182174729442
-4.0432750237390245
-3.643954334251459
-3.190453470312059
0.12002906120980605
4.022841016585371
2.549983705800227
0.08493453659658638
-0.5180654132494361
1.3522364242994402
-3.7031822427620846
4.346641120621729
2.076711097625845
-1.3175338420264948
3.6946782454019877
-2.451359363097455
-0.6631285327302558
-2.8921055856540105
-0.13727203479717548
0.688597116692537
-4.244803156978616
-3.876105225681001
-2.2249023328493696
5.121711875814674
3.5312466406738046
3.891860823424842
6.503900939482696
5.843063305574324
4.0833777084718665
1.0281323222900567
-1.872550053713538
-1.8341463066029446
3.091436597091274
1.0148586422379327
1.5284188210840588
0.5174924217403981
2.402900264601476
1.8546760770220048
-4.490302958858406
-4.23184705320253
-3.9766423878072055
-3.314260265143246
-2.6325136551969517
4.845312074052062
5.269009901482043
-1.6521586774584849
-0.0687548063799336
2.3282530766174783
2.251090764352569
1.3218587213524795
-2.359945645188187
-4.666099506634437
-1.2320971058559402
-1.1000638484964924
-0.4149381108374321
-0.2581859084566195
3.781927736404578
2.160711421797455
0.5039494070925707
0.8234686076068333
-2.251681948304041
3.874132584257623
-0.5349266318059044
0.2871787549620624
-4.3309395675677616
4.181548732235943
4.8842990325636055
1.0304846596938937
-1.7871435227496495
1.5212748428176777
2.7568894449649903
2.991524431269555
3.010933622935961
1.0299161219994788
1.7040814039618144
4.5325964231076625
0.01677904751204494
-3.44536638806242
3.595108890675844
4.79312539064525
-1.9982422742902772
1.8988784282843714
-1.7944109035722104
-2.8976551485657662
-4.094719101581635
-4.232476788698002
-3.1461255315216894
-3.094945650883388
-2.4334071661169308
0.6765183909724736
3.7078928719647193
4.660384131878863
0.1254077279338678
-0.6365357091769748
-3.5615666719837233
-2.036289930772816
-0.778147060566517
4.03825040498589
-1.7252918005090432
-1.667056391248281
0.8238889960747222
3.52211890436625
3.9586438615842536
-0.8147431940872094
-1.7250344098411725
5.221532358222577
4.111394202629072
3.4304615772089657
5.045890806510358
0.33210847843439945
-2.061325282361367
1.925077014553611
2.262246687476685
2.208768625317193
0.12391016809726625
-2.0616435805222655
-3.259612028139896
3.1871433246157252
-1.9923306142695214
-2.219433075460944
-1.2865616029408542
3.1312095717850807
0.6669573505770199
0.6272696448532262
-1.3171863975251024
-3.440378006699911
0.08378183693434658
6.054782013061723
0.24860786583914252
-3.629950032774555
-0.46309093434474924
1.1086662568314154
-3.1743207255019383
-3.2854908013184105
-2.58416444290687
-0.7865337891652421
-0.7205267678039236
0.4227035664214518
4.126389261476816
-1.452095420916852
-0.78336979858799
-2.028646590860592
-0.1291913430702034
-1.8963324815184308
1.0007703633709781
3.5148307189537307
5.5426778016741665
2.1940080440976275
2.7041877159955607
5.382386232134384
1.9325838448879422
0.2907761617024944
1.684681554690416
-1.4714762861567567
-2.7561124334970843
-0.4529805329766634
-0.8006146586679326
-2.335436979743741
6.379556442155707
1.354925369638937
-2.387030861362572
-0.9799954998408545
-2.0008837898473364
1.406389157795003
2.5718124284283643
-1.2942605868214268
6.388941163151709
-2.0259436826128203
-1.3091972325180963
1.7830017694090459
0.7114499661430863
-2.000003205862298
-3.452306364040927
1.3537123615535407
2.1823179689100987
-0.6655413606407542
-3.909441763856283
-1.3205404252613644
-1.8128636681425365
3.322303993914118
3.9569863494335977
0.15465920893010257
-1.3019114747789042
-1.8665977752320193
2.3601051585522073
6.733024406719754
3.453396784420806
0.3922988251668869
4.7944844115624745
0.09237659686978236
0.7205814782650826
0.25936190708921847
3.6888389759505955
3.0137975975602167
-4.196123073798021
21.578364394206158
2.8000651811561506
2.175861682683735
13.879535360627084
2.813173732503564
3.9583322233154594
-0.37470990825505046
-5.385332568896393
-1.6590912247663945
-1.8647320602444497
-1.1266079574972736
-0.41756920833452227
-2.4661323098766643
-3.4661224524125864
-2.8744060711746653
0.6883916350806407
-1.6322993668910508
-2.0403514386115855
3.0260779790334262
4.493738096128296
2.7682615017236247
-0.6599841685998394
-1.863034902660222
0.7276057835512052
-1.5096053732418744
-0.19896980931954614
1.921814909767908
-3.1544356838055556
-3.2092239213884466
3.9428682516093714
7.475265383412947
6.78439256816407
2.101234414735857
4.362270931531406
-1.3821003165865748
-0.040551364035723056
-0.6451613570131797
-1.3035341576170232
-3.7174153557917626
1.357952112399966
3.4269330928927024
0.9468107345245308
-1.638611683808061
2.4859662426916476
2.5793655707957392
-0.9893188294956088
2.636359694149424
-2.334390867070007
-0.998742705402385
2.8355059613584928
0.45828844304744576
-1.3215469494464067
-2.5394921106731987
-4.87791133876739
-4.231859281232177
-3.580165237459498
-2.820568515269147
16.58697586750787
3.6706642004431074
0.7812701562117366
-2.9096351100899915
-1.1844601962009007
1.48637252929119
1.565097322003445
2.2529315461888584
1.44825419562664
0.20255541989094308
-0.10886132244159194
1.3091809649545183
2.488731566389919
2.548099060813319
1.9981227172238418
3.8536232893566877
6.18760157292902
1.735354453732659
1.5459601563554042
3.6194099687193857
3.9065618539431406
0.5317156248265603
-3.9702728407941845
-3.5603630219983438
-2.7545832188726034
-1.056478965703128
6.788407872662365
3.9708258820178055
-1.2016044489363156
-0.9471283762889818
-1.083122990162672
1.5786367747752061
-2.8785991845137056
-0.25392268788153877
-2.3647796354378774
3.4641498086010336
3.4868764506303944
-3.005413067311721
-2.268618722769117
4.393463425902466
1.574130572765529
3.5054083949761954
3.900355063319256
0.4600870373978612
-1.8524157366180898
1.647425971926308
3.36759273652907
-1.2140299202299214
0.9366787376144895
-3.2955792458463784
-1.1388638243756435
0.5643611396050147
0.15467788240427352
4.296634182514294
4.4253239790855385
4.833444757740057
4.704579762441426
1.5210592876363946
4.228832186467917
2.798879283662076
-1.1537477175797695
-1.9999728671859012
-2.1482322277717785
-3.076639669702369
-3.466845245626271
-2.9437332953059103
4.943132314616983
4.381710990415708
15.097605247639496
1.2121527593447357
3.9911274789095033
1.656126878797429
1.6003696455232608
-1.354792809791589
0.7395915284705274
0.20207008146145625
0.10314942207313192
1.5226856433253606
-3.857291373371852
16.9556336080833
-1.244885019127252
-0.23990874859341665
2.0369874042079545
0.3974060721138502
6.629279364272679
-0.6516758584627428
0.3832115099726118
-1.4717096351439232
-3.269049935893019
13.856509178003467
2.349496338041444
0.2578084878308789
-2.612558277899807
3.8321288708655037
5.27027061402635
0.16298494865449925
1.7615901825499831
3.6168235680805396
3.6251093132547707
0.1444310553051173
-0.46213069657360223
2.8894930089400597
-0.7879455486269239
-0.7069322339459531
-2.3793055942658907
1.7813376873575475
4.6312359564046925
-2.7549244108402346
-2.501800393514121
-0.6953197907442453
1.9135898681290404
1.1958732975326398
1.6651421740263523
-2.102034489031819
-1.3617497437342596
-1.692044260637652
-2.5218516899522387
1.968717536253112
-2.208592096434364
4.0525433888796725
-0.1803633622297451
-3.3824787938095935
0.49403391346798164
2.1699645714816453
-2.410593436089409
-0.028307051606967434
-0.45447707571595414
2.9112559071910145
2.4766674476125634
1.0461993635447715
-1.6046340542487296
-3.4827861614687854
1.2901268638859653
4.407296063341195
6.960335043800574
5.452339519927055
4.384801917026561
4.1891378537519754
2.8027928777532116
0.15610238617791913
-1.577519530558886
0.2266615390952886
2.74591308683475
0.9546027656805568
-3.4742201458277133
2.5776770043348014
-0.20848144307583094
-0.47471420506048706
-4.811074019502708
-4.691642599265725
-3.974298158178215
-3.3682224717186364
-2.039145984577576
2.4579862480204984
5.1000065853280105
-0.9181020026458091
3.1206520361760095
3.703434803918402
-1.4573237747647219
0.9178851095661105
1.3926845023150467
-1.2727997207916077
-4.711105207552194
-3.5653794351075474
1.6647607183280313
3.6953683222196103
1.615070290152999
0.5226503169578591
-2.310363897260479
-3.8675835855875054
-0.3485731445473439
1.8886896469387078
5.944496379396652
6.285358186558446
2.0405131748603784
-1.2010997249738509
-0.3383986233985504
4.4496201050543736
6.412009132052168
5.259454428281522
-0.1378169214248096
0.9654758324979172
3.6053203077021836
0.6295354050119669
0.896051376508435
-1.771199395205843
-2.2957044625200824
0.6328690038047795
2.6706626262872204
-1.5798269313893074
3.2724294234714315
-0.48093768079873483
-2.6120716047660006
-2.7824624672705607
6.041041356129768
-0.2088292360275982
-0.06434742101573784
-4.763101434602842
-0.22894733589298602
-3.1670529666904734
1.178828170453722
0.266169524341662
-2.5699095315099805
-2.393549355837026
7.265201522922663
-1.8626715842797308
-5.45826461727229
-4.69013227006688
-3.091566178547806
-3.2537285933571853
-3.041869063528098
-2.622562999423443
-2.311367613799341
6.4372895593725925
5.899739415072416
4.909365492484882
3.3857215269434464
0.3870676812835898
-1.198584074520141
-3.158631134291784
-2.9011360012536103
2.3521468025299748
1.4620534007813397
3.5819603881791684
-3.11328259905743
-0.2593243642120139
4.326549146639952
-1.0833406944020916
0.751331261862858
0.8320395652128233
5.090930084630254
-1.1547844712010997
-2.3954479961554678
-2.0252255761553455
-3.714320404876935
-0.6638306078712558
-0.038389120959259455
-2.797346843888908
2.706535904387239
-0.8201631584032634
3.5744745117180083
-0.7811421297694493
2.611936499372996
1.1860955819304497
0.8207529569101518
1.4072709635287246
-0.9686152453311133
2.415559915815188
-2.988123986111865
-2.343992411798647
0.9770307006677084
-2.942605543413186
-2.2933789703158465
4.989215263788341
4.534615211601978
4.541156712982882
1.4589146830111182
4.319309089459628
4.470314911076865
1.0799515860952156
-1.484042389637845
0.053361058960807325
2.475719969586953
0.12772018424471207
-0.6026703538201514
-0.8179303855682092
0.44441299944923623
-0.9407205566684678
2.346599291163801
-0.7953378251706422
-3.367618888380257
-2.7653644742108394
2.9564919804201835
-1.442785882787665
-3.4490870821801063
0.7196532368932423
-2.7271953231359167
4.548493746326887
-2.2441315613285537
-2.48691160239254
-3.2202426998955556
0.9972692680014341
4.782451966093486
4.085224124592125
-0.6714366274537781
-3.2842104544806037
14.239018672548282
-0.34294884513219775
-3.6420580984004753
13.07431234657583
-0.8302061524497233
-0.4907431581063602
6.509231367700344
6.029054727041509
5.419946974649292
4.104617346691761
2.68498361971027
2.5235965634297433
3.474882620512459
0.34366012066222174
2.9882718200694343
-2.1108970002050786
-0.8736901606329049
0.2830126845608124
-4.932271993177512
-2.9768233817323253
3.2342860368949653
-1.3614270112503228
-3.6636405704102
-2.7099615386246643
4.903865938157411
5.910271065254955
-1.2296117650827598
-2.3041429120284866
-0.3202291619300729
5.032970722870708
0.012895980937025115
-0.8136148883754671
2.466701614753359
-0.9103237250188472
-2.896982092677819
-0.06049964072858694
-1.5772289781187483
0.19540599931522912
-0.774410922710301
1.3721004677412978
0.4779205572518269
-3.150923558393508
-2.0458221059692554
0.1601073469744589
-1.6370289973584444
1.1272891091499508
-2.6202315636723865
4.546730691152077
5.7579377727691625
4.701607989081952
6.545579549677493
2.1187247566125134
-2.009346678786718
2.772841026489569
0.3868862832848306
3.769364897102787
-0.025696163521625067
-1.816191665962253
-3.1222814550237827
2.313951423937566
-2.225922929663546
-4.195091220287358
-0.9871152177038318
-1.3030757501234853
-0.0036270864216817814
-0.3785674741603359
-3.935558613869344
-0.050556728769666506
-0.880932992293422
3.9992904230797413
-1.0318709867064344
3.2139990119660586
-3.820353087079512
-3.988842040038828
-3.3557936923262157
-2.978108204638022
-2.4162954883058174
-2.2699019693575746
3.084975023915151
4.7738358073332305
2.9909395232966824
2.8135069300958206
2.2676000005695287
5.1044404337559675
4.746203456182275
0.6633136964138245
2.446429315116219
7.499084278948657
2.2954631410421475
3.5137552878714304
2.079770184828435
0.7929713524827962
-1.6796865020132634
4.132116137432201
1.6158054017950865
-0.3925356132892999
-0.47954562224868985
3.4958816223762454
3.3680921062944513
4.257570664820696
-1.9012688495325687
-4.916610178296454
-4.11292105795002
-3.5212811636652352
-2.542315359620261
0.7161259303554892
4.96000840100102
-2.572763760578211
-2.664554036247496
3.246210286586422
1.580056537812508
1.5654105026485905
6.057551517271184
2.5409255108269706
-1.1024993868702377
1.5063871189672555
-1.433159515712422
-3.300576629760288
-0.21611350313216934
-0.7784763301154756
-2.2029912358189447
-3.2672985744506424
-3.7915234023678877
0.2519911789983303
-1.2388853801227215
2.4584193368224865
-1.1589187707511368
6.866769702790243
4.630147616260948
6.684291595736487
3.5185169037203328
0.03271286350079606
2.952736508489441
0.43321084949779937
0.8697764753666907
7.016821445548307
3.250413197559781
1.1487841885487395
-0.8675723931359827
1.6506279186001533
3.296356981204624
0.5823836610436415
-0.9531178438624537
-2.063816696324721
-4.385084873456257
0.8124103452214324
-1.2625996394216397
-4.117567217352193
1.335464492511187
-1.2846979213542145
-4.813758117662166
-2.7689616123940723
-2.28787917614204
-2.6080248642263273
3.4921244305435817
-1.519541924517736
-2.851734715933419
2.592783026306025
2.109280603006249
0.7128745243164158
-4.9693425813167265
-1.4043934610594158
-2.2518887618369225
-1.116363956386979
-0.8846512551307469
-4.566859056581869
-0.6037996727104544
6.177989940624571
6.086765542701378
3.0167193037295035
5.021891833686828
4.562963665651331
1.1204799923542554
0.09691115230479044
-2.12392860226822
-3.6396098200596505
1.1609936044666918
1.0553638288088536
2.3679511035881977
-3.1117136718906715
-3.1511722562293625
-3.1471320301192685
-2.439816814448994
6.595847580262943
-1.6650671681470002
0.5141169232001461
5.481152711136149
-1.0332863962693632
-0.3546499026308698
2.767291343334434
1.0087370474352857
-2.9605467580135825
1.2058014162150956
-0.17064084540530108
-1.1093521667782045
-0.20700063303842012
-0.3144453344259774
-2.8649219011268365
1.4374284755440618
-2.4098852247459672
1.8140514513230315
-3.5761018752851594
-1.788193960886269
-2.4710971105365207
-3.3178144922605317
7.98737451478053
3.7686015150919574
4.461327257912824
1.7135203847003715
0.9496812592851013
2.0686207610448712
2.993365838857953
1.846480718508216
-2.7193785861166067
-1.7331005023051171
2.960767850427995
6.59245788511488
1.0865238638436967
-0.9241969898158706
1.6423826525061023
0.3014966564634496
-0.16717580127517295
-0.94501189910844
-3.07923323784716
-2.94798599266251
-2.895587787339461
0.14886867116496613
0.31949830533935253
-2.6807466591218976
6.031227775703681
1.9122145446130896
4.435654090334051
2.7923068495634262
-0.3364772629447322
0.5143627490744305
-1.0993413275559965
2.108408386559311
7.310082139226257
5.58777102558592
3.1901694465548553
1.3882712007960296
-1.9705053635532408
18.967139756987482
0.3203406635125043
-0.1615343118026253
-1.0997632670722524
0.5653139651210818
4.254872926958318
3.708782273473567
4.177603921150721
2.47627692996741
4.978660388675829
0.217839359542539
4.992771563471096
-0.5461546543510128
-4.176971469545554
0.35514169057569916
-1.4167738112744415
3.586708053945239
1.3683666199128266
0.7043034540898004
-0.2050971894718242
-4.86033603063855
-1.440237034742973
2.8684045307046033
1.1962825967472261
0.3371428932236046
-1.788922183352389
-0.35030903234261085
0.34099102253939123
-3.543110075792317
-4.006933603579804
-3.030261392939432
-2.0986597780205134
1.4181915058909165
4.185970149963693
5.151571887403359
0.3633437971771759
-1.8538467277121735
0.9926862568425172
-5.533551099524164
-4.573128444740341
-4.038183166660415
-3.4220328994313323
-2.7064741798438354
1.0423259526716613
7.042286718292729
8.685715545587716
4.013439539875107
7.438394393038515
7.065407855657996
4.65986347954676
1.3925801082066505
-3.633162387834456
0.9313777515289209
-1.6530333691283607
0.012775413241223532
4.550163377225438
-1.3785575539724884
0.2580842989331331
1.288894515998983
-2.7490333698603466
-5.7419667322766585
-2.6564792596126456
4.140428981720648
1.9483574469873757
0.6765939772699648
2.220681842397563
1.262636845516491
5.120320535418275
3.062730495328417
0.4517505788030489
-3.942524314583814
-6.131775781885094
-4.706562888364255
1.9735433298293823
4.293175913548325
0.5064368613421171
-5.623273286948013
-0.30023651087086056
-1.0003072879056687
1.1052559545015026
-1.8935863865889853
-1.7563554883418444
-2.198292195996547
4.508720290074279
0.35481661808629034
5.6789432595697384
4.740521483104816
4.909684332224986
4.718111726112264
1.9031123389915114
6.8065411286393855
-1.483648877994887
0.44230729950619413
1.8678291568134708
5.340742546179636
2.2779049350111147
-3.6890125911318457
4.754713908262649
0.631904496376133
-0.7390939595393407
4.3176538125270625
3.852576486822969
1.5491423713164298
-6.184373274311239
-3.4522659127617783
-3.1145057470644013
-2.5549152124631527
-2.808995357329168
-0.4618837255206881
-2.790500809982245
2.309181807846199
0.8402772260797885
-2.4806327731852815
-3.433010559538324
-2.3349826650675443
2.9550196199690717
0.9962084429926022
2.190041163271387
2.2251176943033357
-3.4441296564914037
-1.0596241216280384
-3.975683858121566
0.19623986155447268
-0.5580717222773977
-0.5734740279315897
5.062290254535439
6.188209042651934
2.107992178552053
1.2828345384453659
3.567552739451494
5.035673789986006
1.6204235571986154
2.198824930196546
-0.6661535983017822
-2.7016271717268756
3.688642262619215
0.8143967339495478
3.2242835532870595
3.6644766505875115
1.5683160884766556
2.2642379106282084
0.8354638424515478
-3.05380013790564
-0.7512569673836815
-0.168724354634488
-1.0155827423867487
-0.43314473157985867
-0.3684758540952078
-2.689596740460533
0.6942314341887602
0.6902223944612503
-3.628075082431986
-3.2537973630570285
-0.6504348288838578
2.5177219868192227
-0.4201286579123558
4.735988054921383
-2.9525540422864305
-2.771043122780552
1.850261889377477
2.9228138939339314
1.0674032150202242
-3.9436759597461255
-1.9092418549550703
1.5268145500888444
5.525111558343464
6.804415375519752
0.4957894294177454
6.293712512224576
4.2490753226469105
0.11431844973536093
-0.8719292963164452
1.4014104835570815
-0.1748774773462842
-3.1252114511483295
-4.023879796789474
-3.493823126943579
1.267847358510983
5.410198816975646
3.900224556233949
-0.6412334154848538
2.133191466111353
-1.0417792289363952
-0.0688574792195434
1.0406863782744122
0.7927165199073688
1.7225009364015655
-1.6965633539451923
-1.5339898085191899
1.7612739687452288
-3.196035387298026
0.40383176888954037
3.691034710807036
3.1453448072952734
0.7758008508656933
1.8223400117278248
2.375753389888785
3.2954972282050456
1.3525439111761637
-1.033886301814125
-2.809492248868375
4.612590116962257
2.543363725926251
0.9327256646615114
3.0015732506981325
6.711833878313327
5.640197777811633
5.480303491147309
-2.850876476103902
0.3176687781448086
0.08319815140442506
3.828584763177954
3.9871718701813506
0.3714781173985923
3.2503501461484974
-0.6509550713572678
-4.559719030304175
-3.566245198645478
-3.6947653004184104
3.1011931911035817
-1.5603990692609133
1.8077057324201118
0.31663979759376126
4.640000638895359
-0.2684786067818039
-0.1112461685744679
-1.1673576858215242
2.7798476254244173
-0.6434408371091954
3.1660336279185417
0.1406085866890054
-0.00852543622861731
3.766587431540548
1.7974363912115774
7.3413108095753925
-2.9624250407180153
-1.6232612407243767
0.4116554874539563
-0.800578944135756
1.8646783037051637
-3.534949344286732
-2.363482004897675
-3.0692369039648115
-2.747926783301542
4.3913355042468485
7.253056190046887
3.46689458358945
4.4133982655201764
4.500133279705353
1.2991517590487167
4.987560462906265
-1.269072697342585
-0.0875332886656538
1.1002708768849168
2.739633332451759
-2.645913921714444
-3.6435154056235395
1.6314591089749688
-0.8855445096880042
3.212851339672383
1.749063333916558
2.1697554893835873
-1.1171863751825961
4.043700849000816
1.707087087714932
-0.12052475663644009
-0.5702068244395057
-1.8473767840665534
-1.0137022845745385
0.9661468206027314
-0.9231419542557772
-2.073946287824064
6.768934941300653
-3.230190502223506
-5.331157218802225
4.29207903448222
1.9138992169852862
-4.833289824469057
-2.739478379381103
-2.883178655168261
-2.086153315541677
-1.8111161885198985
-2.2073344174622855
3.4290975470764615
8.226378177540479
2.996251401414593
-0.8443633891897443
1.672871789558823
5.004654240825177
5.717705684021909
3.215101766614041
1.155367006487227
0.2859816574158902
5.207016079658998
0.883619000560314
-0.881162359370074
3.732326357590975
-0.16660565152009713
0.3593651817564593
1.914760753108983
2.5625407128812614
-0.7449354282142663
0.1894629103535997
-0.21777837919339715
0.05071581009400552
17.576761834790315
0.7146853272401736
-2.1277344811786256
14.317915243218035
-3.1691096642241146
6.8030882064134275
0.7458848146123795
18.14166244546353
2.589830009435958
-1.680800930805654
1.3578353605784133
-4.8717344900740445
12.169672260072838
2.6966224787487243
-0.19994079046844876
1.3299471112673886
2.24175307735066
-2.9378836425947252
-1.4639541113897807
6.476830014515211
5.265230478863143
1.8278840030962844
3.9786029939486345
4.2063433827697745
1.5524540829072397
2.3028540909017705
1.00061501119453
0.9549507171007334
0.7331429056836993
3.2202241347613705
2.156657556463505
1.599927217285755
-3.436439818906031
4.353530799521015
-4.2405848033937605
-4.02830401075456
-3.0752351802925846
1.1700996944111315
-0.7991111143416467
-2.6132634033604285
-1.250382669408099
-3.787679665155516
-1.1772666275317392
-0.8281012538200657
4.5429635279098255
0.4703300508329078
0.4982679800279343
0.45427479741810783
1.9039900951396036
-0.1792341678326776
-5.013861680278331
-3.7842152766877795
5.137646711155404
-0.3386995197201169
2.4929024446740056
2.316185303861979
-1.3500638557448024
-5.562360836297271
-4.026320074127404
5.548953014478997
6.423262525726825
5.139381972070478
7.818785468533139
-0.5332183905186175
3.6823190146766924
-1.4352579591381938
-0.8395894435637288
2.438156695748961
1.2477652981603744
0.9211651185012842
0.07884259593391948
1.8004075538789535
-2.419250399265985
-4.8914381232042095
0.6085078954811141
-1.9153521140607237
0.261099475350539
1.0968448394783175
-0.7134837857995833
0.9942150759155765
0.42047400878879526
5.059439388575933
-1.1263029857345774
-6.044967964175204
-1.9646768472342617
0.5926933212532772
-2.4944333174639404
1.936584599730257
1.8866561447424006
2.510980986126713
-4.877635648869182
-2.212404964355538
2.0874227380062473
-0.9200744907437095
0.08825895577760809
-1.7359790279617047
2.173359976408922
-0.6321381736242866
4.597388866876349
5.861099782345401
0.15030322380718475
3.4151694471971297
2.8212864947517144
1.8536953439625226
3.1762257311701214
6.310647798063812
0.3631677650827475
16.772202004264354
14.827686007343303
-2.8816817936290398
-2.8039290965185217
4.074930617985855
-0.7690857003776459
5.286984961685526
4.518833809171287
1.3601622960722122
-0.8353071931328543
-5.299891027996977
1.461106062978062
1.1642610944335252
-4.229182207893648
0.9722722042134426
2.790407026471952
1.4910154133816569
-0.060712795507562076
1.6245535153576656
-2.575297928695549
-2.470242466010792
6.077092364674122
0.4731519252552692
-2.4452088803680914
-2.3990507547982056
1.4143236255606115
2.540546599763941
2.6719547518962115
0.5512310321329121
0.4837377537350317
2.754072613622897
-3.067901474206346
9.822166195895285
5.304222141051385
3.95084623546762
0.9730834004837966
2.0078329336861076
0.6432919558196709
1.4610319383204824
2.536950912406864
0.23468130076519947
-2.450715884780113
14.35279711632279
2.758195360687686
4.500733622685097
1.6996777636976523
-3.5511258726238983
4.257060363327126
1.0279024432270416
-1.5852412179685216
-3.158275743114221
-5.105069762797152
-3.8306446798112392
1.8675388124317776
0.30862757514802364
-2.475963196549648
2.158642590768411
0.7673010808928442
-2.9596045545753724
-0.8279254471890853
3.8347619740475087
-0.7532423807600167
-3.089103609094618
2.507290080644484
3.1307776103163016
-2.507461196694589
1.0335182182254716
3.7866242447807887
1.1224629136159252
-5.667277036440999
-4.880831517336884
-3.8611705094492335
