7.77902711752997
3.748749771976941
3.181787498887601
3.606532414362267
3.3347910924075492
2.7288909855895906
2.7595944167217885
2.6272523145998252
2.470654558296793
2.665518194066141
2.6739563671012734
2.4526325741410364
2.551633628420532
2.603135019745364
2.626552997279253
2.556880316402399
2.295522081201239
3.4123327969178594
2.831971726809028
4.44861982811469
11.1123249470425
12.365210222542759
9.601871260766787
6.549580374005391
5.295885967872775
5.071867705350955
4.621680478567572
4.416337036568715
6.598880955189102
5.6595732118863395
4.832647577382699
5.303424799289353
4.476006697807961
5.582667160153659
5.379900999542216
5.390363191307698
5.0595971710824745
4.425057946623631
5.454876524292487
5.975166756156923
4.346176680967035
6.3278808028741516
10.399760396455568
9.042606240434345
5.413733066749217
3.812659564998136
3.980759301065023
4.802606620601268
4.801321748716037
4.116833164785321
4.3670959232660325
3.7945029201822544
4.802134847067127
4.394843734503166
3.9349265757057927
4.514640116640267
4.424122593010377
6.233261541125914
6.1862536221912565
8.733359490182083
6.9348688712754285
6.710437055153406
5.481324131008193
6.0205967279409744
7.803667207289095
5.3986346257854
5.932305143248708
4.336692153688326
6.04011245356494
5.090584225805374
6.2198142581326445
5.826967910941464
4.906252833493789
6.107846384329601
4.646829392283963
6.431180847507332
5.435785232666864
5.282197118197118
4.749611136440115
4.666303051639081
6.388263871760946
7.536078682475909
13.72605605652757
8.248379743266495
7.8395868553517305
13.07892197926662
13.892198355783423
8.894902961371896
8.961909816800679
9.850850654904592
8.780288200475217
8.289761008551915
8.561731239637545
8.166604776541442
6.6423655272872
6.005906234668219
6.8760561463188745
6.502943430325828
7.959688339733726
6.641691375875023
8.24229763774337
7.699564457769153
7.773420799951202
5.311347043311398
6.099357659214187
6.383502495680554
7.214386151892037
6.5804076382385315
8.111836558943475
9.643319888853886
5.846300602678892
6.036789326862294
6.858573995712104
5.762109709680928
8.05708729145004
7.012878902434728
5.667013876250248
6.80637199837562
5.746642835344075
6.215408777991861
5.440439252761842
6.176925672545304
5.948109046079153
6.355227543332685
6.674797286573867
9.572160737921797
9.57644051215419
6.541837251277615
5.6393126990923905
6.239144088943959
8.385534072000947
5.632868054432039
8.397915868463325
7.2467051767390895
7.838227491140557
8.429691478448229
8.160193171989036
6.211615026097125
8.658024034712428
9.769329726609985
8.136474455053795
5.445985332741049
7.321816379237303
29.090099094612363
25.119866083110733
11.446297016577832
10.841471613310215
11.539774626361618
8.603273455836755
8.554237527076202
10.215786613287925
8.864746678970544
9.133997414122327
11.02685244027816
8.750655015004451
8.958061082456075
8.439943353198924
6.218866942850876
9.164472990249012
9.872692529818275
8.753450681668895
9.248309979340112
7.964389081538204
7.262770021618435
8.796066761452279
8.488788650411681
5.572108538464853
9.144013451670334
6.9074512488828494
8.317082974862668
8.236119917194511
8.862504218660776
7.728208823326595
8.339364806154759
8.162997197539779
8.100740751010893
8.712815908647046
10.768697361547723
9.013413148062988
6.537821154853839
6.866290874421272
6.773616286810035
8.499797119288592
6.296536665790262
7.183945586407973
8.390928119217161
9.046900859328849
7.716478214197913
6.767272034463352
7.872869764813275
7.7633011610892675
6.066854960957756
8.934713348283443
6.296276454624496
8.028057811584866
7.492649246798433
8.449558303955241
7.457227566726478
7.700614388563121
5.448475472728574
12.686104174337624
12.572143646039127
12.09288827095491
8.088313257781628
5.124996526952679
18.957310638692878
13.746331799690827
13.063845398034722
12.728811559896124
8.308886493987753
10.596875641077393
12.158900653550198
8.507032392478191
8.168955529936396
11.65196201526358
12.318552208786889
10.227700942605498
10.26997974643479
13.822117602137574
11.117520819181028
12.373587616570923
10.897131098011494
9.236361940316426
13.422220779306043
8.344887153167837
8.365298505998727
9.269051435208862
8.011798565155305
10.4627224366508
8.99110061514606
8.542120034256385
10.355388893897247
8.262315027657568
9.431235016175298
7.1641551376570405
6.550587422879985
9.014676449998298
11.880478572041893
9.467732681719768
10.440848384356745
9.844402180036571
9.049099869590576
9.44965368095134
9.96913809039862
12.471683929219004
10.856972453397091
11.53220102008768
9.744515538627242
14.678106335331096
9.98112442178516
10.48072190874733
10.675289473645378
9.493336250169886
14.627481915228927
11.02061427683551
11.183620722656466
10.057516316391688
12.838866436484585
15.939526756215631
15.451695852665367
13.370802465189392
7.835792969462627
14.972232736212401
12.556793010229597
14.202654655366219
13.909796984163808
10.980870116281535
10.118530585225868
17.68927193608831
11.042690821460106
11.470571471336438
14.865676203411176
15.573275892786661
10.096731855196522
10.87524111776278
12.88125153627029
11.833709650119905
15.757095800947928
11.133624069411049
14.104509052847051
13.226247835253815
11.589835276744497
13.580232943300452
11.366472726309727
8.529965672533054
10.833545851962493
7.725817877958516
12.277211766887929
10.809051602569507
8.271432614471331
10.749649619713104
10.738061048603534
12.24444961472844
8.034726318902166
10.371149237223097
9.07317760826374
11.232178688779744
8.196048867902265
14.874028096110836
12.845173816601601
10.101232050050708
13.815962043724934
11.732513009462542
11.859532310104068
7.987641675389274
15.612147698693693
8.625606491187767
9.927233599114938
14.363569502897423
12.882194210534037
11.031465165626425
10.619213329692117
9.654744792430417
10.166777027596858
14.54216069310475
15.667943140881572
11.461861069992588
11.048129552661445
13.831729073441037
10.09714489888666
13.815799318280668
12.304208198628535
16.861462069529292
13.124587883104363
11.805825814510918
13.982707131942337
11.324267636178853
14.12201338015615
11.292019471069423
13.150011297085964
13.7962182331807
13.709933114603233
12.526352129977363
13.383229697306076
13.822806891862426
15.535807554520579
10.815935239666535
11.091829509132973
11.333484060350111
13.386242760400204
10.447559222029716
11.294362229076407
14.261396430437923
11.23550380938773
17.307263548502966
22.035822536684666
13.269149706934419
16.64376336114212
16.016339560466438
12.617920504356665
20.06670919277842
13.028201758547832
13.37923396358958
15.143953378977407
17.992711130089035
14.069715216501425
10.350688530436885
13.522560387689678
9.873813320729107
16.141075911065215
10.219915355255331
13.914616933871867
10.298497175979236
10.52896271535905
12.162657380417244
16.245784020564773
13.845021501189043
10.869586942366638
15.605755299219934
14.599666617473817
11.643748653687508
12.234233576987007
12.231331717126658
11.081487651576706
10.022420101259547
18.96206517109824
13.136699034632281
11.203092849399663
13.262662689120452
10.901958263556574
9.800000736147007
17.750494665754605
10.751120704715907
13.58440519063545
13.149750109628174
11.030449926567227
16.054800069076553
17.86611931280022
11.620996335967115
8.731230134347994
12.935989789286232
15.566034650586046
17.910326642575345
12.4277882128569
11.509179182535169
14.103748963632569
17.01714166048036
16.251515988602073
16.724156264612386
15.70877850177176
14.916780148171568
16.2614705896573
13.962447159970216
12.718515308462425
17.070046319511842
13.920936754616275
16.364889183958905
11.896675772506867
13.125274196765265
12.99648451177524
10.330020871139782
12.104052858138072
13.908121246637856
11.405230389924325
15.701709234697173
17.171181530723207
8.493330928717103
12.402922190073962
16.80143239509505
12.91360235868602
10.35944193343055
15.305708056464269
11.01028255796788
9.662081356342297
13.468484465727538
15.433253031686592
12.107579022424238
8.603799589570926
12.420357701102919
15.245973252511615
14.362574318742281
15.244077604633825
11.429627733553447
15.340249646041773
16.613495178703374
15.962933715312854
12.547470185857447
17.81352865592712
17.03871325644982
13.804771596667903
14.136082970516954
11.91231355885789
15.378778370264278
16.178364405155328
11.815954869996869
9.734775811940803
10.783463028671198
14.338785886797904
10.82694087837814
19.589117711201773
15.299997431179806
14.52204554046147
14.781582555350692
10.673216772519615
17.181878326289652
10.79774959134385
17.520578510721354
11.663519468836597
13.83459947124509
16.04128511983187
16.545727088889926
9.413050204793894
14.992181363380576
14.25720692467108
13.160026673997864
12.08499491252052
13.398129550860391
12.00634235998226
13.19513644576654
10.742916826409719
10.179418837095131
12.949182246727593
13.600627316582369
17.10813413926072
14.970242256073538
15.814404612292039
14.37659304805664
10.15304361089438
16.18382898657881
11.798686404021439
14.937698066511496
14.614165147938234
15.699945461874623
18.783231808286192
11.28565305743412
16.39020512531292
11.9290925182204
12.294738497843413
13.91326116813578
12.277377097543045
17.253975724724718
17.001170952604216
14.476521289224445
22.69034700426984
14.508504429976092
23.307581196830313
26.263083294109876
19.710920477225045
16.694781143171852
19.30560023797697
20.297108047242162
18.46043748382933
16.094385473598706
18.024025340569775
17.83209021684162
17.0246786318063
9.812245943808955
17.03237673668342
10.540159650293953
14.792701542520696
13.105445103991647
8.592097991737239
13.372478831122155
12.819545447287382
10.205097276683274
19.483999026891826
12.40950217716309
15.612096658998308
15.527386112858851
13.904810289546544
15.11605530249974
15.287613687133714
13.209023028897322
17.085267986426796
19.852140872765105
15.618853146754944
14.148270514710902
16.095691166648454
14.231583498083586
11.436074409092445
14.127852383724111
11.413297853577737
12.066443938167897
10.360501416452829
10.962933207859479
16.335832505448067
11.973651422047405
12.037434029323535
11.17275475726007
15.493263641601239
11.023800123366177
15.213987464519537
16.059033200479373
13.527570883351697
11.601870910204264
14.813861168957114
15.905419270382792
12.43460854665191
19.41061721893786
13.734517215295426
15.704879344105748
14.700361691650203
17.91525053420919
8.142198787021167
10.327322043945557
13.58254901285346
12.835987191716274
14.273349650555883
11.576997853589484
18.83510068525596
12.31733129028944
16.037769753670478
16.055383198513695
10.926359288638869
16.007211645993827
11.361621648592077
10.325227850636928
15.93904865341405
15.477844082629424
9.7250921041835
10.706099051586381
11.176570075023928
18.028342025560796
20.892299133916836
17.397602398159083
14.23408829062273
13.09337198973617
15.593739627293465
15.287023861571477
16.259870392648494
12.230857032277246
12.340790963440751
8.607356905124965
13.944563235847134
15.69081318419803
14.22694086167081
10.720734351524213
11.432810640127352
12.685509701413775
12.237280521259875
10.813646392429717
12.213807765930348
9.999314926647834
16.20211878677671
11.404803009285489
18.040662495991285
9.793580784703547
11.398390262974342
15.190885045464388
7.86489446423938
12.91078959453362
10.532428487733998
12.019793861007864
11.61519921869814
14.420074232214862
13.86849476966096
10.482581143120596
17.12445446120186
10.265957261860981
18.222120139515308
19.300629212459576
16.20122755381554
16.700850912115495
19.704978718506208
16.586731570051146
17.216966579923223
11.917453659860463
18.781906354667488
15.094916279292915
22.284330001249735
15.193109735485846
14.132511434271873
15.338014103834453
15.801537025373197
14.362033980640668
19.292455126926026
11.762369948397637
15.375703146175733
19.199386459356745
16.738195097372476
14.355265423619311
15.797561455225594
18.45157617540571
13.907590467716469
15.584454536729162
20.958792836125497
16.143378090076105
18.108445252720877
10.989103264428698
11.581725205101582
13.278891316865039
15.530565620116867
11.822950240989089
15.497322407379945
16.333698266087872
16.026460407800972
18.87546648693474
18.451003789286137
18.864991564349904
11.417697479901566
14.559890042842731
20.23212450983368
24.963137332580743
11.450467070279203
13.647756272663392
16.82296259842613
11.231371164617443
14.74901553905738
16.849571841662073
14.670511746326097
20.200184245362216
15.034084118495558
17.582812105289573
19.01610706216054
15.464739252910093
13.974591410514515
13.22849208668338
14.484055511264227
16.16792210351924
15.83008284582975
10.72604781427616
11.274588680108382
11.120024632560343
13.40995751538656
14.519952545957974
19.24738712455582
16.98676456674373
12.870263721037762
19.193895147812036
18.222111697931652
14.929883949204232
9.556800941340065
15.517859582030233
21.990548557167138
16.740324703481566
19.282507274975877
11.493339930063554
12.248906962591303
10.687322791525682
14.510338605224781
14.314612326339567
13.657438815742482
13.205707241132705
16.637947401223894
15.320504046239417
18.16456843611303
14.453919829155799
11.727320161822249
12.447154829188563
16.21116021574507
12.867640749207883
18.443814199717504
12.736788426531243
14.80565544251461
11.982332434181734
13.252433112952916
12.88919501706737
10.140484559106826
13.342782608686287
15.50285683269192
14.630379671686898
11.97598485505085
11.375048448022866
11.425808518522858
17.725036121888966
11.81226837442996
17.619558932625488
13.14911682599913
12.524292246657525
9.806415294332814
10.372997933952087
21.49606932170451
8.771559033607746
9.584999482155808
9.822318836631505
12.402560211607517
14.008892106849752
11.427100661829613
14.639811722570416
9.429568721591206
15.03717963450613
15.054823450693398
17.641960695764414
12.603508772507732
14.382193688677113
14.2613151219976
16.729480273661064
15.545654935321156
16.118104486343892
21.358371569364905
12.399668275579943
10.215487277568238
17.18446462851414
7.771671911274094
23.027025462507147
17.044672221719775
14.965056656457971
10.898583909317344
15.51290113957165
14.912168890871769
17.269343905230524
14.090031631482317
13.974109884280635
17.95499144386123
12.67089382584657
20.281488070290898
10.899491655468342
15.652700728479564
14.780915452523416
12.855258470613604
10.093030212229573
16.529259860605553
10.398131965048881
13.22923876386466
20.27560121460163
10.959371501479726
12.430387011181905
9.550240346324134
14.068791923780266
16.92786725803726
9.773843888671344
9.126195666579346
12.975199963745654
15.938829548548682
18.26440278840836
17.69088512497329
9.465828907761864
12.446214598456942
11.705174307364022
12.265303633919569
16.171867713534134
13.383750945961868
14.244685465889345
13.15442041372586
7.8390433856573525
11.32446552762643
16.25209186645617
12.548874465606627
10.063358490992963
13.658059576570768
12.977828606937125
15.698340109609683
14.2542578734265
19.751886714333093
13.994711110116075
14.191446856332684
18.6835934257421
12.758317438555123
11.322079144437557
10.831213949057359
11.477411135898151
18.64013848827946
7.470684909769817
9.539493696446364
21.557003442815624
17.99438861312858
18.21018210906738
16.85741389821107
17.402268805677565
11.559976511197096
12.365009393238113
10.188156916096581
13.610552651963284
13.83340709586874
14.45492905411949
16.38661882243425
15.957152456825847
13.969566841093137
8.448962681303685
20.9927506936149
13.152041309497795
16.77788142677315
17.545775124398634
12.379959451636438
12.027535763313454
8.956192447543232
12.498206088553815
10.949532526850916
16.730583543165938
10.49564810115425
15.87511351729245
8.13285213517086
16.294946714963558
16.050434858554663
16.949884986279468
16.775087406646612
11.446574792382442
16.250249664137314
17.176093342519664
15.787374018350661
12.851240970196308
13.072253499896975
16.594216211352986
14.567625986226242
20.934096644328935
10.262563009320528
11.008013972568925
11.468651560265236
6.655127083405326
8.818252940175098
12.412044466804048
13.683068870762876
13.451995546575398
13.03703019768005
18.42512241292229
15.62484737356574
14.962754852677044
15.212930328409078
15.516220792340055
19.207153245315308
11.864981559403601
10.992489872690323
17.484233607629264
15.142429646405715
17.54982018000477
16.26990778317453
16.306063277378698
17.888393096228683
15.60988640530864
17.30089533812993
16.099988035583603
12.104296811581493
18.141879774354347
11.676747422329376
28.13699497815816
16.912781214461074
15.548341637373136
13.472810894642508
17.34218908933397
8.744477025901364
15.155541112288832
19.187314810672934
14.571887333160468
16.469620431371
12.893542340727706
19.026444082823044
16.64342150894674
13.168419364409418
27.833467581958136
20.915164794927595
11.058548734653094
13.197653362224504
13.297662497101578
18.956056297589654
16.129076718176783
18.22075209355419
13.986149822705542
12.274924900574419
18.35260814628902
15.677815621929476
13.012059813678563
16.48557500276382
17.955460257268438
17.903886210167432
16.540252204682538
20.058881873255793
14.346348676716536
16.78420930714823
11.156373787243938
17.48456652066247
22.281720983660016
17.514407105279382
17.10163562452423
12.00615333583611
22.928298834602305
19.11971802046434
13.197437258869032
17.50209899718285
9.688094861479586
10.437169146379361
13.027834048777482
10.582945206078502
16.294558876990955
16.258283014194824
12.003416889968667
15.893902142780922
15.676210064240328
11.566573007507834
12.911322141009371
18.870845736727738
14.466489977969905
18.066578770509942
20.00699769822436
11.664550337058095
17.653750094902886
10.559579099071488
9.478254204876814
9.700341962802828
16.69240109918583
18.171372172144746
17.247974674405718
23.86271154952938
9.91889674044653
14.737574058385599
18.6436734218642
10.42294667784831
16.38942115174231
10.321709581822642
13.514412434939725
18.95702084438134
13.209303427519682
10.707914266738113
15.599692974352317
16.5306869940238
16.01673626736593
12.698658843615458
12.229734755014013
12.267035311872283
15.91038072179408
22.94160541248825
12.2435642536544
16.656830272407483
12.116766945841864
14.925886515901126
16.69089107081961
13.545909788300984
11.469196662354149
13.988685761727742
14.273396429437009
17.41912526819164
15.925635135862583
16.309459359823624
16.760799663327784
12.382510555077458
14.720339707308314
12.025797744799128
16.015184012911703
11.669288959983728
14.576852445995723
17.412215017221033
13.927774471014954
15.184796157091357
16.09565036117249
14.041190115982761
16.64430594130784
14.302067729226517
22.883396393539897
14.542247438793755
17.555962356764446
16.197397809818295
18.220134791790326
13.342887570608
15.670854562967598
14.284128076461505
17.31901154987684
17.32498703984104
14.162890171238294
12.458742920649053
16.06780424394135
11.579772531295978
22.491977221020093
17.2460245062643
26.49790391654663
15.449592626129055
12.724582552797223
10.800584899037545
15.789217682975556
11.183071763046522
17.49235126889044
17.953686899034707
13.238383661144816
16.64612745177008
16.674917010013708
12.742505445722276
16.064674317064277
14.925850168183958
13.57283074702255
18.49293049673774
15.640275285050814
14.697274852788178
10.602981013604364
9.87974399248653
16.4869288737197
15.734776370589184
11.591927197124104
9.410907979754917
17.821837896701503
15.591724825195637
19.211665546544832
14.190896778758574
18.099773097922125
16.423606769845524
20.19537685233691
19.09499978769
19.04508933965709
16.17973291662357
18.562323499659108
17.33784517473898
11.732768521039452
13.31264152303616
9.997993539232437
11.554788172657354
11.903340126094118
17.246210005952257
13.984723263434393
17.63793858374087
17.492977867501672
18.85389633108244
18.173892085816433
16.10588497219855
8.77735640577052
10.899057706452298
15.645871157657046
14.402907051498554
14.679517361171095
10.996821426532671
16.78110122992322
11.279759313663071
15.177676117075496
11.264265833337914
17.876396059085785
21.06002737544856
16.153906376418874
17.447123464398405
21.459883778763068
11.409224642474959
11.783555542810337
10.636526691136611
12.507280811175281
12.649389025811987
16.904715197975708
16.444377739482245
13.907623515324866
20.559204926758664
11.296771198453003
14.957080307290697
18.731859482536652
13.968339802885913
15.07154581855242
15.017092684866292
16.464980440348604
22.299755464134357
17.436806378274408
20.30449939580599
14.24491681522707
20.42383169495012
19.721398906641298
15.021355951690014
17.23231802972284
18.5396075867252
15.33204449703895
14.245495698558152
17.282011653902323
14.024857912667844
8.64652872698345
15.256662314298442
17.403080483470823
22.412652550595574
16.28755208575249
17.963075078894594
11.877377909752934
15.41563615975135
14.010132812349159
12.337022915971902
14.81892070320664
18.0367772938272
22.83187363086344
13.960328432928058
23.14500516398839
13.63467884204037
15.155734230713108
17.80638586053538
21.8675497194725
18.742123820172072
18.354644809036902
14.064089289684377
13.805490132804376
21.32455629026994
16.13048612474484
13.382382338856518
16.389372713198163
14.521604069893792
17.757772944510872
17.366125297086626
18.083983703314843
20.09314745304657
9.13901896165713
16.3146838235875
23.235749503236804
16.60309951454589
16.136732528195868
14.775055057595413
20.534432170231877
12.0762805275276
15.937224701876168
20.034149962580276
10.712065000943687
14.57651981383303
10.0489341749328
13.293908064878764
11.752817864879338
11.842881034883414
15.310874165227585
13.750943003696616
10.37145246269773
15.461362855091105
16.566334028177693
19.071336004369307
19.1506938600863
14.613516460028132
18.515593608142737
16.13428369990302
11.576702831334234
12.456266644212915
14.55284258053951
18.584013651535702
14.693295301898663
13.008767505274934
16.865407938177995
13.20122434004506
20.31876389484643
15.097067459581854
14.685948514227315
11.62505939694105
13.041493493244886
14.287884939746004
12.176938237368047
14.992207670899683
16.29632110908854
18.81646716276616
17.371830609372957
12.18758712548059
19.377876517992597
16.768711580701208
15.349962435487296
17.027065394803607
22.499104822680106
13.359182433752371
14.30196137364391
14.241484630327571
21.36145610084767
18.13206111070172
15.990111525137786
16.73171226504509
16.306513414958594
17.49861213983463
19.77233168298845
12.764251070138256
14.677219077734753
20.6191307053592
19.137795334801854
22.843027613503057
14.749892983510716
22.690705895802456
17.312612507843188
18.64187021945106
15.799567825956958
15.78873803368521
9.997118908565087
9.381463196314794
20.3053463862942
14.629121401636686
16.21295751233528
16.207747577155303
17.747319269434385
17.82302269773315
14.31578806083604
15.952805098500455
16.04266270042515
19.501918313449128
13.258847008943636
13.982788432016028
13.458716192545493
12.308011771819205
11.375623024409622
18.00161713768165
13.853109644757362
19.561112639544824
11.110343796355192
16.470866899564466
13.946605369397556
21.575536587646436
14.664183494862357
15.735086584268206
11.703411871855506
15.666238126702696
9.732719610802175
15.51187277911918
12.172098280233378
19.398633289567016
17.271455315795954
14.670609136667975
20.464105554667643
17.281099044678644
16.741600002833923
15.284292456582767
17.040028409093626
13.796030484936006
13.546118947236444
11.70493668449171
17.354606447275007
13.797189731132956
12.129397833893178
12.841492784818124
15.287375484719147
18.349224389504446
21.130553595221755
16.198882100808255
14.103843229252714
12.217076707390092
19.09192980728558
15.203210330319957
10.88505721360971
9.645062449854366
14.649789783122479
19.108689756818567
18.562549842880138
14.147869093308774
12.219845607913129
22.966341356028746
15.379925162601744
17.211407907744263
14.75641893285464
21.150065750813898
16.660718406924776
12.263327808222591
12.620048434708238
13.420933872827197
12.823774272995998
12.526046292004056
14.889857360751007
17.669334442199485
17.152027701420838
16.772178136473855
14.355886649494865
12.525540095065672
19.230573308617426
13.196203056185132
18.102465497017118
19.477868638449056
19.073978462410025
20.551511962354287
17.005523109972135
15.079404734697553
18.880535358462932
21.81866253398235
14.976495843465877
13.353952173134422
11.139325340215462
16.83788187197548
11.097356235221822
13.418701882772073
9.96684741341479
14.636598903512702
16.799332846665205
14.113452692742825
19.343354260450884
16.03677708245541
16.55865057647331
13.314146874932801
16.885760759997073
21.4345064266756
10.585900511266493
16.21385923192524
17.049953221747028
17.180249401192544
15.637727140751714
12.140276085794293
16.986285287077216
17.640487826488183
17.791539904690413
10.434231048339772
11.804121108511868
10.523415380528125
15.251841410160559
16.333037912952793
16.674626612434214
11.574040905070989
16.166444489693145
15.395118430230339
9.241462019098675
15.086168618093065
14.963801341549829
18.380629748297636
16.229853203495818
12.715834581252047
10.285599717352245
15.71973554291775
11.310585528935222
10.472572257294585
18.326328082362508
15.876053631697948
18.496796359608467
21.844313680299173
14.682036889359273
15.68501893795193
18.371567914731962
11.862126809865623
19.271928396508226
19.975300944674572
18.669834397982637
13.967801311048746
11.90080555351522
11.049861836750791
11.973022790862334
15.14994286016192
21.394021663095685
17.932958490781072
13.566008827714297
17.351091176840043
15.800983354413761
20.726262901978536
21.097311888007244
16.445630030430085
20.71846378762512
16.765855545600356
22.85259619105773
17.30930838426348
19.666061947469963
14.07454714812096
15.432701979278281
19.575025156320198
13.320362087874758
16.641975438758397
14.221533694071514
18.99905194163041
14.840254708939952
18.165401465361306
16.570382376788082
15.39011218557108
14.822114890484778
16.686130558919444
16.906736618195975
13.14552228894826
15.315207345197836
10.424660772044845
14.583148018295946
16.551140812123208
22.980125966865582
13.419575850203634
16.183945061773773
17.206925672820624
13.540879449986697
21.692768368461234
15.850000873697834
18.266503982366245
15.934058409252993
16.71222926666556
17.97775577425371
13.78037980194555
19.489639224654987
15.986237881451322
17.051521066981643
17.356642617437018
13.876821364109897
14.966468114793654
17.957147587916143
13.641749258057636
14.455401811740186
12.50114373868805
16.20227029992517
15.701392598902315
16.830373384755795
15.68178838509913
10.280708930017376
17.30319652679617
16.69866836705278
15.047281458734892
16.103070011548272
17.60664684833723
14.551559516896072
15.82352499182819
15.412338293211825
14.992603245547
22.171808087308587
18.860269741228787
13.160053513409112
19.212139065301262
17.259898040741454
16.26503122690428
15.410211663839716
19.25203956280439
14.58923001785246
15.888558286947518
14.211107908135844
11.2752434306972
17.404642905434006
25.828383188305327
19.98672366539129
12.229008387005518
16.85301873952346
19.248367447694292
17.267817165546585
22.727041774809077
14.230448628157285
20.200502386274852
18.442149799348783
15.037556876267631
19.67060370809406
12.65875635148183
17.278191962836377
14.515341110600112
20.403608040231088
13.349442278155827
18.631747672994116
17.112792871161385
16.929576897046395
20.858798006696528
19.564693839122075
19.8871365205578
17.291351916123574
14.846654636832437
12.543970490920099
17.697858255002743
21.368673022187398
15.346771090400098
20.921291046242587
15.906099747121036
16.618698519720024
21.03478758148904
22.41013718336786
18.60504905956333
19.78621015088177
14.663673730592137
16.906667227861227
12.708679956889162
14.292976986838523
17.358262362339914
15.055135071034877
15.612305809701814
9.284184436208823
13.537617955620242
10.370557131029674
12.360364996107007
12.822824488579739
12.620403424218708
11.453742412272582
11.681893107164436
14.74963401434246
20.108061335132444
17.51781225355381
13.502918457670551
14.536459993057067
18.611351675883
13.291306737890931
19.941809081794375
11.058125601925981
18.131754502644185
16.11705308975654
17.719746977522902
16.24693799499621
24.895011603661914
21.39299231288011
18.506384529016287
15.573857980750521
20.026442544274936
14.141097859272175
13.689704508806768
10.559390374518797
15.497201619479247
16.81858253903607
14.897059866237253
14.271152747066555
13.929497684385067
12.202108079273358
21.159061336431915
12.7837673156122
14.62973575113309
15.609159645035158
13.428364623810387
15.142068768484451
16.799650053484086
15.55663825275945
13.177956330487874
13.926095239996814
21.151126827988737
16.83445171057793
23.198795711597672
12.621419369598938
17.02992501259845
13.579870858283545
22.159624205453415
12.59316473268337
17.928101664507235
12.504361172310078
15.384320832992335
16.754205462614948
14.233673436057764
19.4812527032599
12.435621737656964
14.93861855070297
17.020159970975225
17.426887529417517
18.10902265491015
18.83268541967508
20.681384703972892
13.605517915259018
16.446593629894643
12.968443202190004
17.95560243116949
16.565233399280434
20.468462769309514
15.491735268446849
13.443561968564302
11.781128155114173
15.578267280557903
17.563653238344646
14.227650449216664
13.104343972260486
17.440071084875115
12.79145994971538
12.677339332962449
15.11786640829966
17.732500136050604
18.96345143786929
14.899728345031363
16.853770289692953
16.15843530297252
17.029994014376882
15.43380200253007
19.449679257495944
11.948840808354692
16.95248997145302
18.748552180203898
17.386457800540647
13.047563797838441
17.18860984733095
17.432010542929856
20.107680038387095
20.337773787949253
10.951785416637454
23.66510651382182
13.296756796809227
15.389170385351829
19.971163965755437
18.31443786511178
14.43673715436606
14.509544742144886
23.46174020514459
15.691798254608237
15.87395415626326
11.484436580589099
12.066597639845863
9.988493018458842
15.595979080711336
16.691344756766867
12.95401318799557
16.304279359029056
10.819455006567658
8.689100221824045
10.819464362142455
20.21744661306689
11.477480952798627
11.086744808830224
15.757863103855678
13.832446519509121
13.6736377910741
13.027450839679092
15.964697449413944
13.886128542578803
13.548289177646632
13.339478889008754
20.66712589117117
16.16365103529778
15.833543510947583
16.495560692838335
17.217772177929742
13.809912432375258
19.853703821053656
14.134111173310044
17.15344687953755
13.730483992211651
13.420338959782082
17.96800079088709
13.951530475168864
19.368529207224988
16.67126961085128
15.561382906383777
12.887224863717108
12.985121667031198
14.21729516164998
17.124904221426487
14.041661858203257
15.221573731858868
19.113562308090287
23.169626466813504
14.001129407985298
17.511494812369932
18.351400618094978
13.767830760615416
12.382783570168197
21.23477632423361
19.3571211929993
13.875129647475486
21.41975070700482
14.819468223583579
17.862177054385995
16.29103729688834
22.047154942469508
14.669784682721525
14.478443396543565
18.465695925190648
14.959072808559478
12.773014162991334
12.851408836294093
20.00899201743759
11.694770848830567
14.103398472517801
19.89975469342347
12.528247029837908
11.952616091440358
12.17570278439155
11.300122556543196
20.84122924046724
13.940260077387325
16.091687205595264
21.669346283584602
20.996377112147293
17.94794726416778
20.25850543853207
13.09561415426519
19.602308491339695
20.42609097705047
19.389266340728664
15.356596458747518
12.931913594399699
12.956421031433539
19.359035840221658
17.79094780543535
15.637741201004053
22.321697768777575
15.266040036942327
14.195795896892337
14.218515458525177
15.988138263418904
12.737787802917834
18.46349319573887
18.79036936585696
22.733868373615657
20.81852562766461
21.351840734526974
15.67731320002575
12.885719994843367
13.813201077810346
17.95749389739118
15.659696531884874
18.28803348883782
21.977163703340494
21.17568699823336
15.003683940739178
16.642782536371953
10.577699350317605
14.85495500130706
16.47849903800873
21.27276936561171
17.17266752522192
11.775533730778825
13.295437450879538
18.609323529970712
20.198759019999198
15.069551818964436
12.02934230695033
14.552792293633116
10.86363342560884
13.6438604820886
16.3255997454495
18.63689357350747
12.730899047842318
17.51325334239938
16.5694514489511
15.66447736228402
18.355835788020528
13.119514571829809
15.647687449323007
20.137162883642002
14.884777790695786
23.492071825406065
19.226797698494632
12.358091136532376
20.95703323402604
13.861706244994224
16.58308191764507
9.22112855351976
16.27547450774303
19.297627456188778
12.06034707745128
18.896531045991928
20.180680484035378
18.696630173807993
17.133021706546568
15.409944400721779
13.853762526552707
18.410415819273048
20.70873412072135
10.441866193677718
11.939913052821014
14.553799934969785
15.512308268162014
19.571737270694705
24.81642661126935
25.112911004783196
21.024044783272807
15.679300409538747
15.252825247319848
16.634422138592697
18.136932844945534
13.562426388051419
21.96200904385307
14.066531138046827
18.491124331982892
13.651866135599771
18.650044600806453
12.414843303396054
20.511451712129986
14.450403136046072
11.659778018562628
17.781583978784212
17.063883598681088
14.89905261342343
15.591678992938938
17.369499094468566
19.484976326460835
14.902050819598946
19.76969659518481
19.965653854793143
16.218813750826303
16.653043917106263
16.938827790723224
17.13066900008846
21.192956212192666
15.83819813521624
14.380063029566314
14.399882213732148
12.428019083022878
14.628980908789815
24.028195281994865
12.212090381802485
12.087998757400069
15.725754249706585
17.82207759936169
13.363316071084824
17.616653820742144
19.0581759780026
15.744435981288666
16.316536332743578
19.188304228838213
19.27834256538775
18.371944258932658
19.7059437241955
17.257419215218277
19.63207443218529
15.287011573283602
20.05569016711255
15.8966402273472
17.679126953126215
18.923141621958276
20.107093447343665
16.799424966920416
18.500570234218223
15.472747745201604
18.738978709784565
12.989765687251381
16.985160213331902
16.00593105171949
20.359046559160248
14.876254855530375
21.58674980047257
13.263577883968543
18.50238656475347
18.129754558414575
20.315133150333104
15.946642847597014
19.515665265219557
16.98830912967569
19.22819336621445
15.397571646628228
22.751140919240562
16.21776067068965
19.819911027935323
22.921935236756536
16.85054038173782
13.927197279691024
20.645239542684358
19.872371852064934
19.02442133314056
19.454015486971368
16.276950800175822
15.609589606608413
17.215783898030022
15.749668815920202
14.783021937014812
24.04224492548096
19.2873927539495
19.118800531455484
20.28870477950412
17.545468390202345
19.595845241220736
16.134777289687218
23.171484791926044
17.563950462315066
18.175975946068366
19.03826640627215
18.227772080282556
15.718882350846167
14.393777009123504
15.154392057034922
17.83726055395603
15.464028130080923
17.286812526401576
13.481498025957162
16.73479105944722
17.980514475568842
19.4565997262418
14.31031407120131
17.100748572467204
18.541877842520474
15.315248506259314
14.488481316108007
19.93389536667658
19.53973527926123
18.428298768347922
15.433066941120893
19.730493573187314
20.865220706429724
19.434861212331022
20.068976799155703
16.99952078948658
15.431630187910068
15.037860409708642
17.621777384227315
15.260278068835563
19.186348162437163
23.59861994328039
12.996389249056458
14.974060231205337
13.909739386081641
16.387653773800878
20.971765151042693
22.834679906252727
18.655103075158173
16.961459530075746
19.102642484100482
13.855022601255802
14.519870896158066
12.625621158721632
15.83037959276538
13.588554200791673
17.024100606733114
16.296799042915367
20.572564113767285
21.718670608362967
14.200931592547605
19.257384521609893
13.333531305550673
19.91401073344243
18.29268436122894
19.953801034740227
20.400309040141323
22.060556288602694
24.209714039607302
12.259201981806793
12.507853168656002
19.42797736674835
19.846009542150263
24.53131608351095
16.855071542613008
15.551041722495283
28.33531051395619
20.53627816618878
20.041902020810696
16.402039585854443
22.121882583848855
17.37444526925825
18.22259811741247
19.33434037449881
20.33407420078085
15.657868008831425
14.58826322309777
17.48901009851427
16.40613270995467
21.690428385870646
21.10161758694198
14.825271732462312
17.46872853857051
15.320343251070865
15.606737580709138
17.945100027268683
15.20371602513919
15.409716928772646
22.655869486212186
20.813862296114912
22.873563659624367
17.27072010588152
19.80928404505982
20.043147555464806
18.62694954678254
26.432463412709463
16.200131482005812
17.299743892811676
16.351535328232057
21.072912659766047
18.146798866229616
18.490077251123942
15.625791499684146
15.344353197305342
12.624540713875897
12.454547162454856
14.56768388574407
18.990354702598538
14.995532948188215
15.917845510662348
18.065440160513578
16.18788990201157
21.56599329523098
21.52629515538609
16.607212567924552
16.322431347980416
17.938537942803766
19.44192566756162
24.90887478524722
17.027201493017426
21.034320790488266
20.18608303260583
12.797164914153853
19.60310647988829
13.652944733309882
19.883163882740714
17.024058275104803
21.762760583454984
11.54590677574525
15.337051615618392
19.23593327018092
12.221206080561245
19.896169191909458
18.262234883749247
19.44285842457718
21.51578871853777
24.171109656208525
24.124300130153287
18.930762431397497
22.165493459111474
21.96982496168136
17.78427642560562
13.856342695890952
18.586459789206586
17.970858179258375
14.974159820410481
17.858222031416243
12.174878912478794
20.54616327442606
13.840929327048086
9.20305334753196
18.640457568431405
18.789187490356706
21.723565900834902
12.613243662608152
14.595025676329303
16.167473493681538
20.876462686462688
