16.9996803274036
31.282376269203304
44.14936575031806
47.6064227030853
55.85158502909115
55.45834878310216
48.82312504341574
50.383916878103626
59.84268538308778
74.43522464417363
80.09244420320712
81.18652303713436
71.22624181404694
67.68241837668086
64.19120750942956
56.13336544017952
66.1119369241994
95.69401573455242
117.15846895275288
121.62882099141896
110.6105757415342
113.86733326052529
113.72209606685361
111.20820684822657
102.38696827192433
107.34413468454417
104.09051596667268
94.40950591935257
84.09302358131572
84.9700988132761
109.51303161858719
117.83905213735946
111.54219659343994
108.95972794283962
129.69434967977233
126.61621292075328
109.505208038932
93.42832282074377
91.41050335814211
84.42956981262603
20.80526072844466
40.930790739802866
49.696604283191306
52.64011428016264
62.48086765696828
62.34667335479462
61.76130504882585
66.43861302024324
62.83462470791342
82.03962612300462
78.85575607024911
72.75585121460428
65.8085082605325
56.48643616085063
57.85484786878096
56.074075596361396
54.6272636214625
58.67354887152018
75.75179931079089
82.19639726002715
103.16141556849878
103.00822619420961
91.60184127011314
80.63732579794113
69.47953886327299
60.71508645065136
60.80933376980682
56.96462460145992
68.2345031658666
74.16062584989038
79.74216980551897
90.13070659492848
111.05989466111517
114.62370488783985
105.92659118947157
107.8161761382215
102.22308948555575
110.39647802081343
114.58835684594749
126.08710131751711
21.228110439901908
31.70480220707966
54.20730983853808
66.51399100742131
75.88782310225733
84.26660407202007
96.98324510092436
95.08064730686536
92.77047754787455
96.98170130965026
115.45760709713795
111.14573220446306
97.66392949234441
84.54391109932939
88.70647455015981
105.36442731313002
102.51874045542749
112.99571741411049
110.67200695095039
106.73432074431365
103.19016833299247
102.89563688852147
111.194886811006
103.8649711609889
97.39148270246714
100.98516737531511
114.7214856244353
101.25615466464401
98.50186066584088
118.76964121237438
125.9516682634032
121.35795338160047
119.54857287335194
134.03958480583063
134.88287485202218
122.15146526235871
123.81752283039414
115.51088695699835
112.57357056456819
111.02350738588696
20.58681005760489
38.126530733093155
44.06786755875817
50.67461943085781
75.60451768347673
89.2354845731827
92.38560411755901
84.10001463093984
94.16357869281862
89.84196316855466
94.81264309824147
91.89078965947277
113.64365507544319
136.4529754721414
126.2484921290277
126.34632983234283
146.2611060246991
152.40359909497283
151.21281183775372
143.58003699139522
142.32340616445092
137.6636291527238
124.43519145372332
117.72285102617053
141.74841501172935
129.48350264020553
123.38479056507381
111.2346847472293
99.99183440241809
99.37335656115474
126.5176182031646
146.2782287093374
135.08997064767289
126.61063043614186
134.16038733774332
138.9888345525553
141.48856788926227
142.61527233841053
147.61872634025937
139.72440609674044
19.02611759964829
40.16637186925704
53.28536896898241
68.07213468358587
75.65862168817829
86.84102179056778
89.0851970183522
83.60713336113092
88.1344725513797
92.48159004869771
112.22642166526784
122.28467076531194
116.46786063066845
121.19506230415273
118.23968734463077
122.25973745491359
124.0171538697292
115.06260220304866
123.57561308565532
126.87084179163323
112.6808893939501
103.9848131946143
103.03045924672912
92.6998466295872
98.31910464992434
127.25299399319948
137.26763591114442
136.30071700534364
143.55040051860595
127.98634339006557
110.36177417202282
106.34922705023449
121.41925323386921
134.8276418805653
133.91521628967195
120.7204878939057
121.33773413828462
110.39558302229455
106.88021352211945
109.6211753820423
18.07130067695247
40.78580578190591
61.05925836866094
81.52683647810869
97.10423873053189
99.81785522337574
95.63615588022527
107.38789761319869
111.54918039228265
105.65607832773638
91.7236245138522
88.647966551494
110.38537146689443
109.45815356903981
111.93694105474104
128.3318434123961
134.5260950049702
123.9315627350017
117.45803733181168
122.45969009079808
120.04120096306602
127.2067086216307
132.58685704841648
122.60164335039487
117.94391931834797
120.65768556151399
122.17283058469745
125.44782396402283
118.2326354533421
114.91395965144507
121.40192034306844
130.92649030573992
140.1051006978816
157.6932602413419
153.95296578807807
144.11765262245726
147.1607807709989
156.445497294595
156.41413649827138
159.2876709479886
25.33629521449033
50.893576897981774
51.737173499790124
62.55111891862683
92.6047367732604
118.69809574449845
117.90883732310759
126.2593494643429
131.928079651519
139.64122005761433
162.02871197373014
162.8876729550759
147.1273554741149
130.51969390253947
129.22897030423007
134.4049950899076
123.25905556644572
112.27616147994284
105.73235194034925
117.91217490996803
136.73415089063934
153.8441878408271
142.16606619135717
146.11981156495352
145.35300801744702
156.99105903847948
184.88696215274405
190.85260647944355
183.35860150706958
173.93761201922135
169.8140251196702
160.23406086082232
144.69841538730415
147.49804540193924
169.20466910983455
170.20107793335907
168.44396953537037
155.7320995459218
167.940163013107
166.50610660995778
16.63441455113876
35.266196173334905
48.17556314589855
55.30231869192781
81.01793202917993
93.31870086415167
91.32385946401767
91.02909399307427
107.85081743893822
117.53529636290669
125.29810886006814
139.9556526593098
152.3033414572598
158.5529455365818
159.5395601375532
166.27929049249266
157.54574214909448
155.9019637276166
165.25718936248018
165.34796279831812
168.61423520867072
180.18156035183554
180.97877462193202
177.1301095810972
174.10828733794474
170.68244786601926
174.4973076903433
167.78767874257744
173.0442167572378
153.9037526280764
159.00807213082706
154.61445933699247
150.73061592607536
162.28948899213214
152.9737409557269
147.93396598972538
160.46210110936465
151.83833277728957
154.53167443845774
159.53838976111723
21.06024908887568
49.25559168737982
70.54231923684944
82.19475828036896
93.27781725392957
93.84592648332043
107.60356801288057
121.86638312454699
133.92556846377914
144.38884566174033
165.20035020338213
146.62556362896652
137.1475588030456
144.04168431823
158.0677797390974
166.62552251919678
171.1238004314882
168.80675450395145
171.3472514908728
169.87921835295415
168.6560699181558
179.86092251553646
160.42920593897585
183.00191567604912
188.40958698620668
181.91776433945162
168.51549814712035
150.98298631340458
158.87845810347585
161.20836124888748
180.95956381404375
177.38684457778137
162.18190358627308
152.83808076328532
156.75658816872036
167.72667278430364
160.50477622920118
161.66286759779297
174.11738457546716
179.7152382932432
22.051009182325856
40.139896493123786
66.84777743249931
82.54401395778599
87.98687010772343
89.65047688176192
87.02176899767007
97.42102753103359
114.59935114450982
129.24098739476997
134.63686229247816
139.404712540977
134.1965070068718
157.07070451533767
161.4798358724533
163.17282592877956
164.9131169659561
160.9029190753737
188.101125674305
186.5443625962245
164.59266823288135
170.06105378398405
166.89186617742905
151.132595141919
160.5459011953182
172.3812152707634
168.28191219080077
173.98263358142756
171.8000186142846
169.87370737457354
166.41642236392528
151.8257437606852
163.359836631226
165.1288387726385
163.86802735880414
157.16759801869193
155.83876582689962
165.64805636599024
174.7963298396964
180.53917797285953
26.646843146242063
36.71904100945934
59.955362919900175
86.46592765458858
96.53445132127426
106.50100027489766
125.15809393173939
147.16766848983036
159.41247039366124
151.79281930707512
155.91570892732327
185.34620767492825
192.7347576697126
179.0442357118797
201.26755818714136
199.17283705089923
183.29673605794022
166.07539631148754
152.75265986799812
169.8225709248588
191.2383355673583
178.0618768408874
170.2768828963061
151.1676211650664
153.0934710704573
169.5186054157577
170.05876430155342
178.66448890155118
178.5716140873414
164.2831342307606
156.70445635645342
142.17511395643714
159.60276725539146
176.34826096696534
172.46106375886384
195.1691081288128
218.46166915816934
198.4000158859802
194.96153867744928
199.85019795494637
18.806627209318144
43.36958214997734
75.44920898118718
95.56073244261262
103.01528168848427
106.40664331791987
127.02545264198068
140.48724743418197
178.14655209369693
209.54793902552652
200.80096999218424
215.20057771989235
213.77880022761943
206.5459160992666
202.06168274482073
211.54076216709586
200.3589211838551
190.2641799901115
186.93364251142606
200.81691854233648
190.2182715889079
196.9544428639996
197.97077951329518
225.32256724096013
234.59274718010207
236.87064535509992
217.1435058357995
212.97651984273367
216.6340543011001
203.66303431397722
203.2746721706655
187.49570667189394
175.33601872812375
189.1027808959311
209.3909678571129
209.70693259870487
190.88767026900675
186.27185510972126
175.70065554142946
169.26372966375834
19.370914588039792
42.2995214011554
69.4026947803725
83.71002412311432
102.34486051709753
122.99073043079743
143.4343752104065
160.68580727126277
170.16884014926973
161.58021832259234
165.43321696653527
159.22952077161747
174.45041483737955
186.48152492960523
194.38029110930557
184.37546886679903
197.80616989694192
195.75085912969254
188.2734845452736
180.86822113425146
176.46288989583283
193.63348526702273
194.75335396480517
179.54395299984313
184.83966085735923
190.19370065909334
198.9861500654653
201.08567461312055
195.16452734098397
200.21002913241327
204.14313405326223
200.13970925142624
187.0575810043948
192.66871333968666
181.46494594921987
182.29733759619342
184.68653353599646
206.90957826294584
202.90254005491173
187.9853752213783
22.977322256833794
55.71894986896348
85.33179706630405
99.90570859107183
113.6879546861067
142.59080578860065
140.58909052030495
163.39118662082063
174.14208428275288
198.6598163715148
190.75693618675757
192.68548317521646
182.96069306090257
182.18308261488565
192.51141973814072
193.3797482271123
186.38271030429746
188.03124104990854
184.6517168573305
205.04866531762062
220.57216862236638
213.55864526057564
205.95461233093963
205.09332325773272
226.42420345638263
216.77536772505445
202.0522763933524
191.269886752892
176.4757034852066
166.42124376710154
214.41114561949112
232.07801471844363
216.22123382826564
228.30989595947577
248.5918078170065
236.34318388872302
235.10521742472105
236.5713343751844
216.48358563201157
216.8799529297385
29.13771164585899
60.460335342076085
84.54808479288951
111.32492270491154
137.37882342821436
169.933933007364
167.9749410163812
154.98856179642266
158.72745215689693
194.45047042621428
204.9486086759346
189.3898288551152
194.71949405269658
180.5224240793797
189.6619535109912
186.37071540892546
187.06008195966285
176.20353754320962
201.4487197293823
208.76196581122645
204.77073354572428
204.7347205176796
219.82317969239887
234.67804117082648
239.12544087858964
230.79839969898947
244.74952251159743
241.59447141052328
238.97179526016924
234.22742386970535
255.17446454495052
261.48480459302823
254.65611667481238
265.1435427428274
257.81649055763705
259.68607248632344
238.82739599579165
231.90877659629533
252.98815571515945
261.3376500546621
21.636637363204937
56.33198607555436
84.94980392163413
114.71401935355037
132.04768368575466
154.10892524531735
152.01449073854212
158.31490155884188
160.23963391698032
152.03388636654063
155.38795235679223
177.3534150253698
181.74569073340942
181.06097065735472
194.50927809699002
207.3979431452236
210.02037695807795
219.77652655745396
222.60137887516845
221.42308163306407
229.93465635664916
237.44894328995082
227.4435723324851
223.29920974677515
224.10447642619002
251.63716429323514
247.63514894001227
246.01387753503442
252.51262780147493
258.55523468911787
273.24605000530215
276.09080317015736
286.4484150537548
257.58801587973085
247.24295191589505
218.01373024063992
187.98323341251245
194.3224223311004
197.90020407104254
213.18004111088572
34.07660056779829
74.20851343113543
116.70615373774913
136.743245847078
166.19291546885003
177.6760634227399
195.82816168317237
226.93430229077856
213.9498396907255
211.14233606969933
231.7782786563281
248.242269972257
244.26943148514033
237.61424491755076
247.8212862419877
236.74640674367575
217.7445760231412
226.98926893658802
237.93164655536805
249.3234319801134
255.10507817533164
235.11489901823853
242.26550158275958
239.07542648089057
239.26884603523388
237.40072759118652
230.79778838007246
225.32969511177265
239.64415632002957
249.37254195639596
243.62424490133787
238.52967791232538
224.82698346155772
213.07185472113056
209.98678640348265
231.37878575886296
244.16810046137192
232.05678101880184
214.7505341508218
208.65398151331541
25.45133473018939
53.03875866527022
87.01494121476985
123.57079768578775
152.3643066162354
174.2247606318939
192.25827204733343
199.360623988399
205.04107788770574
200.36988989319104
207.6031525115549
224.31534930077567
214.62326321245166
232.4691839828561
241.4896507504837
238.6497129692842
245.8022061916029
230.00963368627015
228.813913696135
220.45472863778684
219.86480439847656
202.09922655738677
181.7145451311397
187.477741555105
195.7081000817238
189.08022203907473
189.6453985966869
229.59893901530734
236.49508881851733
232.3787746802414
227.46834108292165
241.2733618483651
237.9264312247829
219.89409752908486
221.84758205568218
229.59703581633346
242.16839520510064
247.38424052545497
249.14248369332802
242.76943228691474
28.64314637510697
59.197318860491066
81.51773812530072
117.23218523798019
158.33385072416976
166.78766296026723
186.04961324781942
200.68745022689393
203.81062164317012
201.21855564600057
208.10267584112339
211.95402099413528
227.30156510940364
238.23919498889055
218.97278704649634
211.1131689276035
202.5812350157397
230.8992841156367
244.94079684669939
255.88660129906768
250.68139447641053
223.71171733137098
236.27619591946487
250.52362979381888
245.40430561522822
238.18300909608016
245.61800360783724
246.10750400991063
262.61982184508827
266.27384159611364
270.9302460310074
265.388540902408
270.03504452175366
264.37914640529095
247.5528243388249
244.56876714683045
241.29412022004772
266.7050166242876
298.84559064760793
303.6020733150214
17.446457243956413
52.093055721546186
100.24235140999308
123.2850429469583
147.78171374981054
160.84220474764535
173.8990398733539
184.04927893358928
201.19830613045517
185.67086622781937
198.08312228243355
224.11191292796266
227.60485795877085
233.28141126565205
238.41434188860322
229.20876688295365
207.8739544460154
196.41571787709427
222.72649708660953
228.38177947128906
232.14447187929707
262.62902002598366
253.65620081534794
241.20249029139748
227.98670096663758
254.05282038073895
253.78516813903266
247.41405760113068
254.6350575091
263.76387270214724
242.6901979037634
211.17858870393374
229.74829134494607
238.91210457005118
237.16885355472252
227.66416771278776
235.79716397379713
234.01354549388228
243.80391661788877
253.77498900191563
32.018554314345074
53.73648497552293
84.98892518367147
106.48806676072446
131.33281005591544
159.67909308448614
177.6314939590778
192.01814225166135
214.4801264972408
226.49560266410765
223.01430117851507
248.5782799814223
245.06077862532223
259.41313864230796
272.14951858588546
262.5798611950899
250.5164190000204
259.4932927156813
262.33680641879425
260.6224739233558
270.7802142393804
270.7514222053763
261.0659322867695
255.6099080258953
267.7905442551726
265.72404880584185
280.48365524093583
281.1046745455543
274.48063662142704
250.68846078737056
241.27040488282893
236.26421595807824
221.76459043728207
221.3017128796538
207.9246929772322
195.90450850023032
201.7036124210454
232.2614951395911
241.89696330427486
250.141317636088
25.13369307557793
71.13948971114407
99.86181546959865
122.09757651106719
135.37856379925609
161.71626221295614
191.39208464463272
205.05747848788155
241.13205487288704
233.71644660303417
212.6577592810373
208.3937690719635
230.71328671459773
228.79516947118705
239.21305315063353
234.1845363260454
248.41864664172144
247.43612605494775
268.99721183706373
274.49344580536194
301.3635995894176
298.34166878705287
284.54539367866147
291.49830296686184
281.45712892698964
267.3327014028081
241.29688298672053
247.9770400966341
261.7253176435309
266.1474490381391
265.08171948339066
276.65059321623784
287.4228530011271
304.6969676041683
306.8499767031439
313.1097165395018
331.59572533832255
337.0417966652474
332.31997014706013
323.49862526674985
32.82607209178102
77.84695050222855
122.69528599902044
148.65662094009065
170.23054208368725
180.68936411753356
205.13373116883164
236.3649600684588
231.50445726869745
240.7419364418747
263.7405455110905
275.8040796105719
286.4353843342295
302.4365819368446
295.0581492046633
300.908659841235
295.9331451756302
296.7895368879675
294.4706309998123
299.3919073778718
305.39699824542566
315.28993630580146
318.99609572083193
319.6654896856933
316.02457034836067
303.7539838974051
314.6397323239066
294.3381829953345
296.26351986972503
316.57741667902775
312.5114373065388
308.8714543824086
310.60964877491244
317.1184055091445
302.6341054447155
292.63993804997006
307.4033878122565
324.90922532869604
314.9427439341091
306.46301745119746
31.05079734125227
66.62491747892592
108.63005721473435
141.58600192041325
164.9919766616329
179.33775062420506
202.083208893055
218.73161282589797
239.54518541043348
234.22055536714086
232.43891489310028
255.88956439969036
252.03329808683654
281.1015117636654
270.935888284016
295.2380923329782
297.6354643470619
294.3940545496459
292.6192195284002
285.64110633687227
275.69364104525533
265.92448291177254
279.50892720555436
284.3599940116183
286.73593554510376
270.9271112775788
260.1507169791513
281.50924943206866
290.92313078730683
299.5547332955777
282.4423408098603
269.63076811536683
266.4485036857353
244.79613511928108
250.85853320373835
253.53048099161325
262.1481833885374
270.1176688107976
256.79616830658483
263.86726716155994
31.2800702151389
67.9973690272751
96.7405016010259
122.60096020690983
145.39102057029052
168.75097475515534
192.95651319537066
218.17853717702934
235.1081508728908
264.05207620882953
268.91180598973926
286.7590566195834
295.1869379547991
289.8704317515043
303.4646922391544
301.3502333286734
289.66396443995615
294.1390078042218
293.3032316605924
293.02990311888857
302.934774459253
299.20404363633764
309.94947120965685
314.8451961175136
318.01466758693255
334.8693942969214
322.7331834758142
302.69911939021466
291.9076723022133
279.03002797286865
264.8116741707162
264.4529042309646
258.6623528482926
278.64908004781023
303.7324633698834
298.6563756720749
312.1318283838888
312.18793962824554
324.7813565709647
314.5965177155847
32.77395848973314
66.8250957143942
107.30815283786872
135.5474524663879
181.5036750694294
205.7925783138555
216.24410764063254
232.94183494525967
249.00016833996983
271.35444327993866
276.7398665429146
275.0951512913902
263.0575517403523
267.9551081033056
276.3275939788703
310.15299216069064
323.72632586664764
316.61265411343226
290.66102334356935
299.52146153426855
309.38992049267796
299.57052995206914
275.93569935141784
290.25711828712434
287.5206338412138
288.04624858302634
297.15297976074066
310.6186401251819
314.2166481031707
315.48608674356103
307.56807079323147
314.0370096729024
311.93746544249535
303.1367857588759
309.67976168558204
323.542459619849
325.9371427849857
320.6978245319655
328.5430234623313
313.72032102224847
29.906354878337574
79.6697445046576
119.54399420669743
150.65555665783043
171.3791190886157
184.93343026440212
186.68849353525744
192.56701571725884
212.74929549273153
234.74189542892785
230.93326634811336
247.24609331955108
260.7054442872397
252.17119192600921
256.53627783221333
252.7039709696228
250.2741547490646
276.5976506584781
263.9070701755852
262.42197876462143
262.80987733413536
255.12452860972832
261.0969982974839
290.29352871769015
306.26007392882553
312.890606490266
317.4462012922755
304.6340505913537
301.90975910551794
310.59007997109524
305.8871363363267
288.09077472285355
291.7465922221827
290.3313645748222
287.880986163073
292.1322328587254
299.949271813105
308.0949372037573
300.9454961938987
293.7411150211427
30.34726828194694
89.83333055200501
138.73061427744267
161.58714283830906
185.85550028868593
204.73274822501756
228.936133815672
247.7129659179231
251.6475579284576
264.71767734162626
253.05838085708658
263.7152654828783
265.987629254854
272.4560014095964
267.08500697442724
288.7870053095907
295.1557446977012
302.3310132788264
293.49221234611014
286.8205709930808
313.84138481140394
309.4535973406723
314.1708214629644
317.16895752938876
301.5514793651488
312.9538036825031
320.0212689348305
318.84417732498963
300.9563556806578
311.9731668618023
324.2474259457585
293.31030915235675
264.3443895744175
281.38188093090514
288.6154550959568
289.03771842083876
283.8465013471587
297.71741749539655
300.000265558133
297.7606543595657
32.32191134546187
86.6990138620084
118.05254647848923
138.47650988429103
163.7031228746667
176.4264321006451
188.36217724351408
192.25359944754607
193.3323734905704
238.14325177672293
240.95896043883397
254.48892151270604
256.7327171875332
222.8089986536482
229.46677434932022
227.69095415460083
243.8377620763551
278.20258373050063
296.3479333116539
288.56080349396655
288.3617487720745
285.36947266321164
289.6011296975483
328.801883549426
328.5014938807576
309.2123052487328
326.65800798527385
350.6179654093586
345.45286788642517
337.1847922160858
356.1774543453604
338.09472104093504
334.23777699732875
340.9862898590729
343.6858440170292
367.78600065890186
373.20925532884235
374.0347614663626
359.2817702190936
338.7662889383385
32.236552368956126
77.7636587103358
113.02608921765051
150.08414594993937
196.7387087403467
210.59696978094487
219.22804233991536
229.47401830372968
241.17341609685676
280.0892059069897
299.9711684295229
305.16574819234586
309.1160545964393
305.1897864588728
304.4387464794774
300.69857661332145
296.95118919886824
308.8635796608694
316.4874410641346
297.5623992635445
308.9791723338359
301.10653297233443
294.38565558168966
317.0453874579192
322.81919077735233
337.1161165971079
333.5854580313609
322.04928677539203
319.65404196630965
325.47344047529225
327.97772703218226
347.8989880560345
359.4992019977019
356.93903195024245
340.8359808051151
334.4674260416694
343.0418253374824
350.6585449374984
373.5840700481832
359.35325223430243
33.353218357357704
75.68574703649973
124.49822593266121
167.44676721427876
195.7488475846462
207.02163875797257
229.67912124225356
240.60504757105193
241.74179265895015
250.11196496030345
264.374751872593
296.5536109233648
302.70598900010526
285.9449933628962
275.0025544327534
305.98013964157786
317.78400916427427
323.25881853534696
324.8880396566895
322.7491670806486
313.34499623910466
328.5659611950972
322.13326277866594
312.6546744646643
303.2449129483787
283.90422796326885
292.40752258247875
305.22360293688394
316.5018665946494
322.09776057598276
329.3421045449723
316.81760850832706
346.3653453178889
351.1224985915418
344.03446488553504
355.4659266114548
351.7692576910128
349.97857522703475
343.48232389805435
347.7063884960865
24.802355996533528
64.47205965595504
109.16084500398752
153.20549467351222
189.68760995297566
206.21320447303694
212.34773670032905
220.69720366457767
255.67173334645537
268.5699593743417
285.2216639578595
322.8086619907522
340.15701566847497
347.91717068646705
342.28655213137176
340.43783765085726
324.3415431885545
335.1333504214729
343.62614920141874
347.008258774893
345.4588640811099
359.50767566085733
366.73330234548587
365.7227625249631
323.3367174163155
324.3115596878684
325.4862208153646
340.19829618111396
339.2844343443487
351.29402197398605
360.89653421564515
378.0429883379711
355.6954979231309
362.3805473702104
357.7234894726793
368.93668032275957
375.56161219023807
375.7204957703262
365.39768653013846
344.448598018249
37.768522815722214
90.94789160319644
143.32678928731033
185.71678204322956
203.51371892669766
231.68447857637804
251.63455108679307
260.9237448650783
289.51725893148176
304.61924775581195
322.93062410680665
337.7366569989269
357.9057549906738
356.8319542740559
327.56759097431785
322.66968936397814
327.60214178223015
346.95359833008104
358.682827339761
355.06660938944646
342.203945431393
345.4760770340018
358.7206400873506
374.14028977745716
370.91390312115163
351.51991938652134
338.56076935443855
346.1579883450532
335.4520622145892
315.16404479069496
334.85713162757315
336.9308054012965
341.2096993061546
332.93867084079295
325.46735915104364
310.086825866848
304.6520328453079
325.8630305080777
331.8071241955147
342.7626221251207
33.28222465108606
84.84558611796446
135.6645180901807
162.2187153629138
184.6210940126241
218.80891061075673
253.03433758252493
277.1700324108276
283.9126821874121
294.2825353799592
311.38271089697156
312.26852875272874
322.14744601094804
341.6233089153224
350.9961071237894
359.0021335359055
349.8722667968101
364.56333012398676
353.2814322636117
357.8545851780515
355.24638851872027
353.62913146456356
368.1847240455706
370.4182097856737
369.2667480384025
366.7778219280604
373.45055223309015
371.9539670715589
362.55513978568086
357.3613292458344
363.8834855062666
357.607408761053
375.4315942930189
373.82080595597824
353.5009367023106
362.54755718980334
370.1390278094503
341.15057481169276
342.3462259414732
346.9451478532348
25.704234727129617
67.28584487556573
97.45109459302712
133.73944445436808
174.2483229207708
197.2167584935263
207.9973918495092
231.0217506699446
253.9475966969643
259.4950849601864
260.57598657713675
290.0492206711101
297.1848130058756
317.50535702736073
344.1738782266638
362.7843168211901
363.80546176940203
357.06934581903926
357.0349229879546
369.61402062294565
351.0080786988055
298.05041080718786
289.35760358210865
276.62334923444865
288.8773543789275
322.2148833337694
348.9431075319402
359.5022828533695
364.3494759643526
369.4775687939743
392.5226901123222
349.72729108954996
347.5177175706272
350.95281748597694
351.9941144574729
348.94489035354115
345.5751726791413
355.8248489545506
368.0581283728926
370.4650953381843
43.68139325621931
100.42453680877694
143.01868174691015
191.86573416792112
220.78515942171768
239.61361618583098
260.0771967724143
274.65460061543854
286.5422769330777
284.9854768626329
308.89997131737414
310.57136878754187
317.90252567602374
329.3758307746249
336.3154557707595
331.0419812827474
345.6726160884381
333.1324273233735
347.78526824650123
356.25377198273776
355.29755542811813
369.1416019428253
378.65296188401226
370.97835159248905
365.6960518210861
352.3558574443222
351.15295609322925
358.4416510821973
371.9109261348384
377.7512747743042
380.86252964121775
357.2467060684821
368.4389797024084
394.819548353258
411.1631998002095
402.05225357298565
406.33949337530254
407.524396697772
401.6929716525653
383.8230797155832
32.62262691771548
97.99865376827093
153.08157253107643
191.75733852288516
219.40442980639298
236.85385945641283
240.6864419837583
263.731474443623
290.5652074895614
285.0580013401534
280.87988084211156
259.9157030840325
278.44536176217474
285.440831102071
291.46152185316464
315.8825490981654
320.42969266514757
321.49016393658184
343.966166135944
342.9674886748273
353.74967896114316
384.1199883806586
403.15934559324387
386.36442207825843
396.6163379956214
405.84295933453643
404.51629543815415
387.13256288922065
389.99035257729895
387.4209577896708
386.2312113425933
402.996123255088
373.5488059109057
379.73138439655304
374.94285245593545
361.78687049831194
350.8708453489661
348.1713402143689
355.39402478729596
366.41597428259064
37.34903352822899
99.65080402042135
143.56041770496938
207.17016098633425
233.3409501378206
250.54430175349844
286.26938841747614
309.0086463071438
329.01712070631925
318.5336099768173
278.8487259046914
255.85629286313312
286.26063741345274
273.94376688102227
307.1586327632356
325.89206006909615
335.65589395204546
346.9857797235394
317.28776521017835
329.46793851991964
357.2334232881289
340.64390883260165
334.3281297599127
350.289327531625
348.3793706786437
373.83951447523384
381.42981224388444
381.05677780051667
348.1801200593177
365.7675825394766
368.69816824356946
400.22256875068086
409.9084886930926
410.84946213044367
428.1857640377396
427.75534688382754
393.0120795966689
405.79418755829084
415.42427071953205
407.92401300502814
28.563736592948867
78.73734848640154
126.16779615384853
165.60048593234802
196.28622295561837
227.9954066767522
263.8793490490189
272.6337555503175
298.0479919050687
309.97001786269607
316.4673570950965
338.7899186341728
339.7425292698811
346.20530496630283
353.084736625189
335.76982321339574
330.4599282035108
328.5025619108018
342.0135683082379
347.73082808818646
341.98377979864017
304.1567014699227
324.1713994471767
304.83706936246705
317.17266692430314
326.27060951901126
317.31360479625374
345.59490578308726
351.2631904083437
354.7464254102339
365.09376069032356
355.31338325492015
376.5967355232157
387.26937762783814
392.58892797660314
413.423983988397
418.2642603465803
408.5822351929989
409.9513682336774
407.88465622281143
29.399034944571422
73.66965118739486
121.29002086155181
160.76303789513608
177.01563815657175
197.433671528683
225.12781630905468
251.6173612575303
286.19395216578954
286.7861447976049
293.67713632883493
312.5797268295737
336.5561618430964
364.6317770367106
375.45742903836805
393.36066757883344
395.7467491707109
396.9684690848515
386.6809596988271
391.78270579696243
397.3216322745714
404.2173410188268
421.0776275063601
422.1580516803635
433.8906383856634
415.30872853062743
404.56981871492934
416.20709488821484
434.09534725197733
431.3049726517594
446.93978026066117
439.0692559410018
417.33392225808603
409.78962931769144
380.96413800334335
358.8286343302572
366.15876162804136
360.1674004348244
358.97148607666173
350.38513339774477
26.559022288912796
84.40419948797289
135.1629250908529
185.50571017805686
193.55151366480425
214.13540529059688
232.54183018442257
259.09534615212203
276.1283160726206
307.73968989835925
326.2908418714944
338.4393953497667
363.52803252476446
372.4370080478723
355.6505249882877
367.73072509474355
379.40116612487554
389.0844759510914
401.45467172344166
403.88416843464773
424.2736987991411
446.2527596200855
432.7249900114556
458.7596411205303
468.83124510050266
440.1457225172359
432.33247498204327
447.53403837117554
458.27968677786714
467.4759538522267
467.53742735148256
461.72408636034584
470.88651459542166
477.0358753727013
473.2306945460432
495.6443919009644
464.7903334051044
440.6291660746485
471.6750208071807
469.08899703408287
33.647668127830705
86.14735028978558
148.16535691842694
171.1876851887801
228.26297333932015
260.2145800387693
276.5938657145676
292.0867543375526
319.23992869887525
316.171932928034
324.5699602915774
352.28216789804134
360.3132302818501
383.76063208274473
400.81437177539016
416.1425714890987
409.4335973189021
421.8991848450152
398.1706158080391
403.33270104830933
431.4207342541688
432.7883446323547
427.1576638149479
445.3180121375543
455.2471202941243
458.7516620495175
441.7742017525021
439.14010411953234
441.0772163862749
431.7816578988107
444.435706030205
441.7868835739357
443.0496449066694
455.03015319634744
444.1755551379784
439.2651132381256
455.4119139796385
480.5636798451838
460.64156383273746
457.1085594178939
25.741102528647783
75.95028307314571
132.28919482513598
166.43507070531194
179.41957438254076
197.7810132047401
224.31970189594358
239.27677978121
284.35377569253393
317.80342019866634
342.8135572792869
374.9228843259676
385.790626313663
388.0591946925202
386.3142047634586
409.1515731960918
425.53505157456726
440.94061426571244
429.43017727387394
422.32899941142915
410.54190077612424
401.99868176772947
422.764949153157
417.0173163158085
400.4888730727182
413.72245187529023
421.7713987410854
440.9924164406128
448.65686744437573
438.492588351695
425.39547802737314
429.92625709670597
424.2078639661667
424.63819374193076
408.4220303753675
383.26581567099305
401.1174069692906
407.8195536983131
417.6205183526547
423.4332920243073
37.4101175695169
81.90902875062375
140.64976249091146
176.62848480199406
197.65818659664686
216.69741412969424
255.80872476083692
278.0708180794751
286.12211838267115
311.07600143129775
318.3948228836417
346.44731650746144
361.1575026004653
361.4772856872529
348.7333898587951
354.6456490753277
364.9627918795841
380.322159745974
406.0692291093218
428.57321757004655
453.0424116855257
448.9174862273291
444.3353693744403
437.68648697524605
465.37651631524443
476.44538325194634
465.0938038743646
449.6238435972302
469.2144743982357
473.9564796029838
489.8559620590874
503.3581363751803
495.04022201789
492.97022499261294
490.2673296599769
469.97182469215795
485.61361747615456
471.26260437829836
499.3129532912206
485.56311261209976
29.105731973547975
83.04964585329358
122.17298779720286
153.33873100286357
201.07358121919208
238.5682450770681
270.7330358020789
292.17766705709766
296.83801567616996
319.6053463613538
343.1949060047054
364.6650955413611
379.6613804486659
376.5977324990512
383.44845861862973
394.7782817193012
408.0560791962515
428.28382626895024
442.5818795467962
469.0877571254595
467.9073863133004
464.0497353687253
452.9989747547633
462.62516514596086
465.7167397938076
449.8071186662888
466.645699822291
429.3454182248488
430.3994308485183
442.46877047465154
435.15371258099844
449.4818610610039
452.7874275338623
460.39114249092074
470.0542757233245
483.49272409411
471.6654387167017
450.4750669620583
466.0156654234319
475.87007109728245
39.66745154870741
98.24485360534186
146.3237244699027
180.36822127150697
212.73108883283345
239.9517359944667
267.3890584182728
300.1842252715167
336.1356676227047
351.4192672538742
372.12126934048615
386.5714468394712
409.5790564328418
414.44635323358983
431.21276579538187
431.44532468076835
457.5043187989726
474.74314567904435
471.449227707945
473.3251761679659
443.8784024909918
452.77273063423996
479.6027229239557
495.16781226076813
499.3710395272861
499.52836676013237
483.6676542982523
480.9646186832913
489.25245931798395
482.67661515350864
459.9927805387671
449.57916899674285
457.16454673513294
466.68494074205086
466.9392348804874
468.3586662242592
470.38229730808234
482.7924750731885
484.4913719223724
477.43439321810206
36.42433285476624
94.26710004608354
136.46468887213823
182.89993978726037
222.69154025280292
270.5362890928188
302.17152710760547
327.38075655591047
340.5553530435381
356.69771549994834
386.2627036430194
416.1573093767943
421.000380320381
454.80005773623765
471.9923701761307
465.11319216869924
472.56029343486483
489.62335712486407
471.18704018623816
470.111613881459
452.2675154093579
449.8739570905628
469.43054038292155
448.7792251805345
449.86259749981923
442.90080818843387
466.08779508019296
484.2401472349722
499.7881363605897
498.512927033536
514.4295143103909
535.5523777296264
523.8659528813031
500.3791029520824
496.96369249193975
498.13894626717166
493.75966782665245
421.66407868922363
358.57386138572326
364.17166118432743
25.47258806251039
75.39777363059629
124.12113850499337
169.40156474881218
211.3278595756716
246.734520584216
274.8077235386559
304.4021790970276
321.23884346609645
323.6608822395449
352.5389800113535
371.72130647558885
374.90462808683867
387.05899858235824
399.13137743395134
429.5055216046546
451.8144406815014
474.28340436490646
494.32616271476235
504.6271431074698
516.4883731837679
524.3729985098571
524.707300015166
523.483000721714
533.5036690742322
545.4993179026627
554.3942174675012
532.2330678670495
538.6404646274736
531.0104274331215
499.42727433620183
506.8878909845353
502.5867306624693
490.61729428293347
502.9961317719325
508.07180676021915
511.3788859684932
495.6559052696545
487.2170902077005
490.31386552271516
41.837214190828384
97.06839643998148
144.1384505405506
194.25849305824127
228.34401684298595
246.09915552303718
268.4384474594085
300.3760470185321
306.642877364793
312.74322209046255
339.8701969337652
359.1339120410457
353.3041865128644
359.71540538168375
411.2799961690137
435.9561277155993
442.5301754383567
447.56688513340913
449.43771667652913
452.3455475535195
452.20894392747164
443.760261356831
456.6888459016356
466.31064833096826
476.9277061104783
476.5848445228286
465.52274336004115
458.8385077942881
457.7650266884786
461.79588369370373
447.1827829568116
445.49947225881107
459.1914974790967
435.51635182148686
435.4906152864518
445.7178278260612
458.9314026175235
471.5809039361598
482.43662381099085
472.89725859009354
33.72383129197211
95.85561505856178
144.99107121756577
181.87980033444683
221.15336397056947
258.7411140307182
293.8176840808001
318.4446942645762
331.0109147791012
350.6628628192125
378.1176205809592
395.2612656715431
390.59753324281616
421.9755997588334
407.6227754959771
426.47424780027217
418.71076375466436
404.36083101464715
413.257798435583
426.9112781834362
456.14760684103135
461.7225620990105
497.6350765658173
516.4642399573166
507.4837465895594
488.94152610051583
485.09960997551457
502.77000223366474
530.1979692225901
536.3868258421958
550.6295859558719
524.3992582961622
511.80100849095965
501.9854913879664
500.80402449100916
513.1435343539666
509.49873871174015
504.5829028303768
529.2889669374334
518.7049573996646
38.987780700422185
96.00442409074012
140.5600000125962
173.68114143946096
201.10286419514753
214.9238928317827
239.81967732838035
292.74643360694733
319.00026968723455
341.5504030125695
354.03613925920683
350.3381413761963
364.64439164881225
385.22590131548407
378.0732331452024
330.5267191587165
346.5741812494835
373.55748321876536
380.2774543717529
409.6971997688192
420.57101544697935
438.7501990517785
455.68032800105345
473.6426878295419
474.07025672297124
472.9400100700563
485.7105196025006
502.3014778025747
508.37891240487886
509.82105849282
503.4301993987415
516.7110311671626
518.965065002382
504.11286220716113
511.6481894805568
507.1048655039084
485.54257484182307
489.8547594102611
486.5123528703906
486.4425300361023
35.213115943433124
81.39237745531005
139.63781064968572
190.7316548383524
240.4599092297118
277.09571097715065
309.06047997543027
322.35485595287713
344.1014992487538
357.0673519238281
373.0044233112099
379.67774778647185
386.1773232284961
403.6130110491389
437.82979210451293
459.8698818713983
463.06538996087284
477.0996971965579
477.0232575681266
492.6212882568784
486.7462446611283
465.48205926787136
472.2256884323021
416.9043863244961
416.2785106994842
449.95428159573555
474.44141407694855
500.6858859316025
500.8021179720165
491.28434785520494
483.2456958913992
472.35711020011723
486.2586882025378
477.63740103595984
424.85659064183034
441.37342075984253
438.670250004082
451.47146333436206
474.95913596424253
484.3590664337802
43.22980338404157
102.88821810667336
152.1988226474268
210.56593929102175
267.8478170852216
292.395513532937
323.66349519949256
361.5028601838454
382.9761016607252
384.5882753891769
398.81411311591654
418.24254466062337
448.4697408601914
441.8985808853192
454.72061456029945
452.2971266828376
430.721657387119
417.57671122085026
439.3640712615631
459.453099963162
428.72363268570274
446.9044852819659
435.08170742650725
448.7975048396473
449.90212155058947
467.1744356453627
480.8602018817337
505.175385152137
533.0218119587156
546.8756000509306
520.2837898619316
510.28594472571825
485.71813216589914
502.95942282074196
512.0996909489149
511.59676602408183
530.6682140138987
535.324695178001
557.3030843644311
539.0841097015222
31.082844497321997
80.02730650141828
141.62897752232976
198.04867398303378
253.08466838868648
278.396631655328
298.01754123562284
339.3155415471011
345.2479516275871
361.00398444238647
382.6588899360022
392.53831750605804
401.9050327355092
429.5083482634175
425.4389299620818
370.9812575587661
390.4671174672325
411.8318216240825
439.34248973676654
444.87355048175317
458.7403873230545
485.09772784191597
487.074858527357
506.8506309652821
509.5812401366459
513.6259139926692
512.5494319713201
508.45246475652095
507.072220293051
514.1398155277092
520.5961014171224
516.3549318078842
507.98982538497853
512.1574583839367
497.1012365212895
476.9923720175732
513.5571096827069
523.5281542517254
519.4859046768458
516.4096150820585
43.00784066839465
109.13301034837316
168.24279923579047
222.2114233670831
244.18729108328498
259.46814718286873
282.1137176177804
324.59136086588006
350.027048701402
372.94977919864755
396.210918401502
424.7434661826331
448.43015118849104
470.55135781219826
487.15295753285403
505.76519878473704
534.866035990385
534.5496598605756
530.1168585922352
519.7862162624951
528.9725980472886
533.6339304736657
537.810090668027
529.9768422451666
536.6680200258007
522.3600059890673
520.0866442612006
504.7184710816095
525.8908249462189
531.5237962854353
539.2023402207606
542.6091363170559
537.570527992937
543.5373414247179
535.0593505173276
521.2086750498203
542.8170776924766
537.6417448093442
525.8262318986657
527.8498118248581
27.428524931642663
80.85588084648934
135.63715823435035
176.6482675912875
214.3726258020689
259.5081598575635
295.8284208756973
319.1100165327683
325.50392222155347
335.2383114306602
358.8728954734487
374.26679370552193
390.68793445785155
411.0018020403855
434.5313098876972
459.6043417264501
470.3540102268665
472.5878477856369
495.22897175897117
485.96988149943786
468.64722564859784
473.01276675533677
457.7198562802076
471.28120231057915
491.7598783674975
508.0793966392442
521.0425505647078
524.7802520437145
526.1780425630064
517.5424838616947
523.005701049152
511.40582074724256
512.0972133443124
500.8150151474802
508.84449878125787
517.7713085634713
515.8190882086132
530.8567026015896
540.8246927978461
519.128827382653
32.31632635873785
74.28384411427128
121.51323618829943
168.18410502003613
216.7802586564295
252.3457255667985
292.43501166936744
323.67455718057545
341.0799895425137
356.1024744529799
378.23705977575133
385.6240662902228
395.76786802600384
413.90189603042523
431.9521943679679
417.1384107987987
424.66546865562776
418.0474443859408
432.63514319285525
420.2642217023778
452.41583074656734
472.95506749939864
471.4536816371351
475.81814976806027
481.7078536404025
486.13254800833784
503.4076891358588
530.7859566801997
528.0684795406819
505.1114506949806
498.46684463729883
483.55944321094785
500.2452767780141
523.1073283723704
547.677166757085
546.7859611022604
552.4426250306051
539.1400324304919
539.111171075578
522.9307671188773
40.52240396810765
111.36573572992465
166.62605419956526
195.36059345291656
236.7881148814522
285.72726047286034
305.2499001415592
334.368731690285
345.21062599033127
348.74836355028674
347.326796912094
374.37809460873524
397.92987641405244
423.48568408086595
451.98884535537064
475.82380946365276
486.2582864467388
485.9589389078716
495.74064875294266
506.1147689410701
517.4762569231488
527.9678631818084
528.2919885503612
506.23494470379325
507.7791442821742
507.26526799104454
508.26929448623116
521.429847280907
513.6293407945777
520.0159240666037
517.3417066691578
515.1399608316306
518.5439364544362
528.4813938062938
543.3856781811364
538.0269983505539
549.5806995810549
538.4276945437309
560.2087198860554
550.5493803502281
38.232764564419796
100.99929975203719
160.38559156827276
205.31111081312778
245.52317054107803
278.68009229759474
325.67336184285375
353.7950912434734
371.6147415887822
393.2302683658906
419.82854663496545
460.2843213885021
484.9731040838035
495.4051328226375
526.2683553076922
550.6810816175887
563.1262511595697
560.955565633338
561.1965924830362
586.1100243900469
601.7417647399648
610.3986536354557
581.2899289470689
579.3755770847085
564.195862768572
568.1734991987888
563.506035487983
572.3037015945946
596.2064552435556
604.5735897582781
613.5967565054199
596.4234345423893
602.6759612808461
587.3530828698309
581.3232948975418
559.3368707739484
574.4573361276258
587.6164928669243
591.7763789677193
574.6961152742304
35.68317958150545
87.11465547622433
134.8834338324134
202.5944459815112
245.55256451931717
290.7725677822846
327.0599655701495
360.31314607572557
397.54896330973276
419.94959518737346
451.67863825507396
473.06099777070676
492.03202337303026
506.4684914853616
528.1717160815335
536.0146388231294
551.7438983470159
553.8788324831472
547.3892269633411
560.6371991858772
562.284449113768
567.1022052487225
586.5191744314224
574.8752018605829
559.4558809156448
573.939342006546
554.2375201618673
545.3285942922488
561.6283262206507
565.9965327505087
575.301053684173
562.7736133838691
563.3859450316039
565.3957209789539
582.047597126142
573.0539743619352
572.9835903890698
588.8705708826197
573.1308514148562
564.5097924683283
36.34384539488659
89.79204761067824
145.96693314979797
203.04480259567396
252.57793280629645
278.9328022474643
320.68873063406545
352.3489551775151
373.8353306638966
397.69622239405965
405.4885513667066
411.4667184149329
414.5587761311746
432.8671609944086
456.135038655977
460.73002038412756
481.01723760243704
486.656055973742
471.6400714031634
472.08760214726743
488.48278007749457
508.78324719877935
516.4520941865869
532.8746848243566
554.871777088254
550.1030584768315
543.6589050445348
544.983363705833
540.9582635641266
547.4635908562441
552.705154365247
540.9097833365701
527.3828085880987
537.3315568646414
528.9125563168307
512.707432474617
509.0311770582622
516.914219915861
523.3610537535926
531.5793212943743
33.952579669268246
92.68395545225077
147.57503878479713
204.5861862063263
245.95588152772862
287.7113351507272
335.2844963467135
364.84333032307114
411.0493065041181
432.5274984201775
440.4293411525379
448.67907515530715
487.90552469577483
512.0458170088788
512.3919713347136
518.381443435452
547.4602806998003
549.4191760855103
554.5827304891067
559.2691558829908
570.9791829777192
557.8462651813255
558.8925170475873
577.0605911231185
588.2094569689106
586.6786404255586
578.165218630533
564.2243736440886
549.9813177958115
560.126812983712
563.9295898004656
567.1056793234717
535.3377455575423
552.7371002095663
560.6239334918465
553.961811385185
564.8274408671276
509.20848939776107
515.4461698679244
516.9536750270574
35.79798634185871
76.06027955210855
119.273231577348
162.81056905193896
202.71034153043078
241.02820163673266
266.8348491986463
295.3681403867272
329.32679772622265
362.4780088702969
370.365350162329
378.9016844234207
417.88889022941
437.4293244167422
473.7795549873039
479.18744220213324
506.0222061622724
517.412323805304
527.5355961319453
527.015846238822
556.524044367378
580.8245685682555
571.5727504021378
587.0175673616912
562.4534762339977
533.1037627922321
557.093711682075
565.0224919113031
573.0663169537177
571.9948732766361
578.3106345751961
561.5515657505547
553.3852896086985
545.7806991844978
551.0034382979861
599.4117024407547
572.7190358436577
573.5897878675514
573.0924685360233
519.6699653837595
31.259765595409874
90.69199253969202
139.12401939842567
179.67235012841613
222.2079321470164
264.216796758244
300.5852686897474
325.0272476013142
322.925979469517
332.39945132275216
352.60846251701105
372.1684248611207
395.48666885005196
427.48478658084946
450.09064875568447
464.5617886245252
482.39162148502237
481.14512284465985
500.69499168573446
513.9731189933245
528.0558416436725
539.4363567846856
535.7530855045262
535.4153852904134
535.9061139552493
532.6571932339731
547.9642162287166
579.4918791167147
570.9787359455883
582.8127336755936
585.9870374875336
601.3927144195835
598.4458449119147
618.5418290559152
609.3163038665207
605.9497304615104
604.2629104364692
611.6038101724992
617.0082790980638
598.9192303262059
42.44796358432549
101.00607509189997
151.51833596246948
217.32274772272498
257.3759437416917
292.1828971685588
323.2421496964243
339.9840409934509
365.2020106076436
401.112897512767
416.6250542573731
422.8228152925169
423.17967481048777
430.6338995876788
466.8053905943584
493.8125217735082
514.3755662477467
522.8809833529738
534.7918496592152
538.559970950129
548.6582631280163
545.598218885632
571.730790123964
571.4605759414588
568.8754039173394
584.3553979165921
585.4552994832229
594.840848097448
613.5056917345792
614.1446252114274
605.8957474211201
610.0516139238447
602.8380479253501
600.9870530394076
608.9710995183389
610.4890890608269
620.6092091894405
614.2210420603545
602.6809171751632
589.6157429291911
