4.8129115
4.641364
4.4293404
4.3233967
4.147654
3.9135118
3.7887814
3.6129801
3.5681057
3.5695322
3.5695322
3.5695322
3.5695322
3.5695322
3.5695322
3.5695322
3.5695322
3.5695322
3.5695322
3.5695322
3.5695322
3.5695322
3.5695322
3.5695322
3.5695322
3.5695322
3.5695322
3.5695322
3.5695322
3.5695322
3.5695322
3.5695322
3.5695322
3.5695322
3.5695322
3.5695322
3.5695322
3.5695322
3.5695322
3.5695322
3.9997647
4.062221
4.108217
4.219564
4.022192
3.8936048
3.7169108
3.6430485
3.6430485
3.6430485
3.6430485
3.6430485
3.6430485
3.6430485
3.6430485
3.6430485
3.6430485
3.6430485
3.6430485
3.6430485
3.6430485
3.6430485
3.6430485
3.6430485
3.6430485
3.6430485
3.6430485
3.6430485
3.6430485
3.6430485
3.6430485
3.6430485
3.6430485
3.6430485
3.6430485
3.6430485
3.6430485
3.6430485
3.6430485
3.6430485
3.7156837
4.152473
3.8798754
3.7720184
3.728187
3.6127205
3.5835748
3.6430352
3.6430352
3.6430352
3.6430352
3.6430352
3.6430352
3.6430352
3.6430352
3.6430352
3.6430352
3.6430352
3.6430352
3.6430352
3.6430352
3.6430352
3.6430352
3.6430352
3.6430352
3.6430352
3.6430352
3.6430352
3.6430352
3.6430352
3.6430352
3.6430352
3.6430352
3.6430352
3.6430352
3.6430352
3.6430352
3.6430352
3.6430352
3.6430352
3.6430352
4.0948734
4.2295456
3.861101
3.6196485
3.4577816
3.314075
3.2823184
3.2823184
3.2823184
3.2823184
3.2823184
3.2823184
3.2823184
3.2823184
3.2823184
3.2823184
3.2823184
3.2823184
3.2823184
3.2823184
3.2823184
3.2823184
3.2823184
3.2823184
3.2823184
3.2823184
3.2823184
3.2823184
3.2823184
3.2823184
3.2823184
3.2823184
3.2823184
3.2823184
3.2823184
3.2823184
3.2823184
3.2823184
3.2823184
3.2823184
3.4912333
4.094956
3.9235373
3.8320522
3.6288588
3.4523606
3.4140892
3.4065711
3.4065711
3.4065711
3.4065711
3.4065711
3.4065711
3.4065711
3.4065711
3.4065711
3.4065711
3.4065711
3.4065711
3.4065711
3.4065711
3.4065711
3.4065711
3.4065711
3.4065711
3.4065711
3.4065711
3.4065711
3.4065711
3.4065711
3.4065711
3.4065711
3.4065711
3.4065711
3.4065711
3.4065711
3.4065711
3.4065711
3.4065711
3.4065711
3.4065711
4.1331515
4.1667714
3.99528
3.872275
3.738326
3.6724813
3.5839858
3.5697663
3.5697663
3.5697663
3.5697663
3.5697663
3.5697663
3.5697663
3.5697663
3.5697663
3.5697663
3.5697663
3.5697663
3.5697663
3.5697663
3.5697663
3.5697663
3.5697663
3.5697663
3.5697663
3.5697663
3.5697663
3.5697663
3.5697663
3.949912
4.3346844
4.1758313
4.0165153
3.9154701
3.6578326
3.6054296
3.5282528
3.4930868
3.4930868
3.4930868
3.4930868
3.4930868
3.4930868
3.4930868
3.4930868
3.4930868
3.4930868
3.4930868
3.4930868
3.4930868
3.4930868
3.4930868
3.4930868
3.4930868
3.4930868
3.4930868
3.4930868
3.4930868
3.4930868
3.6077406
4.2183614
3.9741554
3.8120873
3.6783674
3.5654857
3.4441159
3.3612685
3.361263
3.361263
3.361263
3.361263
3.361263
3.361263
3.361263
3.361263
3.361263
3.361263
3.361263
3.361263
3.361263
3.361263
3.361263
3.361263
3.361263
3.361263
3.361263
3.361263
3.361263
3.361263
3.361263
4.1349607
4.1601715
3.9696558
3.84815
3.6454177
3.4211795
3.271278
3.2292542
3.2292542
3.2292542
3.2292542
3.2292542
3.2292542
3.2292542
3.2292542
3.2292542
3.2292542
3.2292542
3.2292542
3.2292542
3.2292542
3.2292542
3.2292542
3.2292542
3.2292542
3.2292542
3.2292542
3.2292542
3.2292542
3.2292542
3.7900388
4.2085
4.0421047
3.9162848
3.7997298
3.5239
3.4205265
3.418729
3.418729
3.418729
3.418729
3.418729
3.418729
3.418729
3.418729
3.418729
3.418729
3.418729
3.418729
3.418729
3.418729
3.418729
3.418729
3.418729
3.418729
3.418729
3.418729
3.418729
3.418729
3.418729
3.418729
nan
nan
nan
18.033365
nan
nan
nan
nan
nan
nan
nan
nan
nan
nan
10.281221
12.818513
nan
15.802334
nan
22.226961
17.724297
nan
nan
nan
nan
20.169344
15.279419
nan
nan
16.500023
25.88086
nan
8.459291
nan
nan
nan
nan
15.132599
nan
nan
24.76957
38.14273
nan
nan
nan
nan
27.525297
22.507996
18.105139
41.063007
nan
28.345388
21.323984
12.808316
28.531757
22.907974
15.869549
24.12587
89.14174
14.635065
35.871216
36.961536
17.794395
20.281288
15.205142
21.609022
17.574223
nan
34.108917
36.332256
27.92678
nan
52.98543
36.514095
45.820835
76.15452
26.61743
67.27368
43.042885
43.094475
52.965225
57.532032
52.97497
48.959476
37.226
34.82906
52.24174
42.604763
76.912766
47.147614
68.0624
33.14354
17.15794
14.155896
28.59671
74.53214
61.516064
50.99469
25.709713
36.56891
80.453705
43.538452
149.73462
52.759678
56.21353
nan
111.8433
54.324074
29.572317
51.142685
94.34977
56.006195
83.86361
68.086494
81.46412
36.459023
72.70174
59.789734
35.751633
50.49645
72.77381
83.156494
78.24894
103.22123
103.639275
110.46914
80.1475
34.32411
98.73511
57.75319
70.559555
61.32511
65.7882
114.076996
77.88642
56.949142
77.09098
77.989624
71.4841
114.77013
50.990448
81.88974
78.27498
64.777054
60.224346
107.321655
56.830444
101.538086
115.57337
25.315668
132.46317
135.22119
83.39287
nan
79.833305
107.85984
99.02018
88.916306
89.72539
83.55872
64.535355
103.221405
115.88846
92.22112
108.16695
92.617386
104.4309
116.18124
88.065125
102.85504
80.18279
116.80184
87.00291
91.974976
94.567
84.78624
75.5588
113.837906
80.45648
81.90869
108.03971
79.5894
83.659325
171.08817
31.799246
59.453484
120.241196
125.87551
85.12649
87.85531
45.353683
33.313328
53.595306
102.47215
118.610756
90.57727
64.94064
54.29027
72.539474
50.423615
84.228905
93.36469
105.183525
153.52022
160.37341
98.42215
103.65747
77.30914
105.17417
122.278404
82.619484
59.69654
66.895096
117.01426
159.54257
95.257454
115.574165
122.17503
79.83018
85.47742
105.72675
101.63294
94.88876
167.30968
70.8537
78.705505
126.26043
110.83839
97.991196
81.85087
81.63792
133.04663
80.91425
123.11049
104.86558
103.55055
103.69997
98.77096
106.13746
114.22665
85.821304
86.49502
110.79523
147.74341
89.23068
139.03497
122.52527
134.89172
69.43986
133.60762
139.66971
148.78285
123.41938
90.80467
55.123203
54.679394
90.73666
72.79672
65.35293
74.03673
74.211075
89.74164
155.36873
117.3305
80.64791
125.44763
92.452675
136.10512
109.10801
79.47327
83.90184
88.82444
94.30278
83.28287
61.433662
99.400986
119.98851
92.12812
94.306076
78.715225
98.5655
79.67044
104.775375
130.7679
133.91762
133.11513
155.63731
118.67858
97.78806
84.300514
135.32233
127.732414
89.98631
99.794525
120.114494
88.68452
78.992714
113.582016
91.50804
66.34725
100.56292
94.53581
83.316376
79.03799
104.090515
74.088745
75.53629
104.44819
77.7963
83.96124
92.93864
83.56808
61.880695
102.228195
100.98179
112.81431
66.748665
97.015396
129.12956
104.3
96.78067
101.51764
133.50432
124.67015
142.41685
146.03754
93.03647
153.1755
136.25316
158.09435
113.82616
102.948364
88.60956
98.353165
61.61434
88.0917
103.08056
87.04518
86.24762
80.08174
90.66348
97.64524
84.08618
82.455284
94.78957
42.29897
99.761665
65.55591
73.03896
59.010506
54.918194
90.66611
73.8191
110.005295
68.63889
53.040833
55.7218
96.31352
105.50197
82.32908
88.77124
86.376236
81.951645
94.406044
134.89345
149.65096
133.58585
117.349014
100.144394
114.05371
128.83647
140.44814
128.5667
111.01222
103.69081
99.1211
127.94687
86.49749
76.57498
84.69467
72.48733
109.40588
76.88831
62.88784
81.916565
70.17184
76.56661
91.78221
93.777
72.49074
87.28882
81.89606
67.10747
81.18882
57.22534
71.226105
85.574745
86.56947
96.42448
85.10232
65.4142
98.83561
101.39457
75.24117
60.088436
119.562164
130.34335
150.25172
129.2986
129.31148
127.02742
121.48221
109.17581
75.80237
84.427666
106.45816
101.69028
64.36689
75.89129
75.69704
47.985188
61.737625
55.03057
77.31662
105.559105
72.851906
64.464005
76.50146
61.52415
120.32019
83.084724
80.082565
85.50672
61.868813
64.09344
84.400314
87.74412
145.10959
83.298386
90.90827
86.99978
73.50672
62.39047
101.79582
67.08937
91.80168
120.163216
136.45003
127.01778
121.94504
121.07623
135.65916
105.70902
108.83205
83.02881
60.382088
103.34561
53.67886
69.52317
54.86047
73.43051
67.32033
47.837727
74.958664
95.49547
70.12607
75.53378
64.64006
91.631584
82.8106
67.43216
59.079094
89.8833
73.668945
53.62918
77.317795
57.126255
81.47891
86.33658
76.57112
68.70751
51.65948
79.355675
66.44552
73.58095
102.71148
112.12063
136.79086
131.84947
119.48852
147.79514
118.314606
119.374466
108.082344
81.092514
97.51904
75.00402
118.8166
101.79719
78.55618
69.603584
69.536995
78.17722
61.973946
64.79075
61.143257
108.649086
78.88493
61.2287
93.224915
109.32974
84.31556
80.821625
71.93562
98.511406
96.13799
61.07756
53.55904
67.40475
91.18685
125.15445
105.21969
79.18657
74.434006
59.208885
52.1333
103.230865
143.26521
146.19461
129.05739
121.63215
115.58832
80.93706
109.460785
96.515724
84.973526
55.155624
66.33882
68.30253
91.20068
77.70294
73.19099
97.181946
64.17214
57.28129
78.69958
68.68004
48.94344
54.06263
64.783035
67.1059
53.043938
51.76489
76.92536
60.8776
62.696182
102.57316
141.95067
128.73364
100.65807
67.42581
39.077053
40.01899
47.136433
92.79336
53.97709
45.8075
52.034195
52.167915
107.445564
68.32455
60.8962
59.69793
28.76104
21.20224
28.22984
38.10426
50.532524
86.160194
44.85406
39.094803
34.975803
29.70182
38.50317
59.762142
70.01005
49.761536
60.09502
50.33569
23.939922
43.408016
23.843138
33.13196
43.38848
81.57988
66.6467
61.59818
116.0662
139.59367
99.17622
87.67693
50.72507
38.67386
45.55306
48.503067
56.41954
99.406
58.84184
42.792793
49.054253
47.21118
65.12424
102.41154
82.729294
46.768078
82.735634
72.783134
54.35891
51.061844
33.894222
32.886692
33.949684
43.4188
50.931194
78.0161
85.14836
64.6887
40.53307
33.855965
31.098671
41.88937
48.29387
46.112404
63.42488
105.373566
79.1591
63.931293
79.89339
135.81584
106.81144
106.987305
64.1775
55.49591
45.851177
31.481691
13.723537
24.824926
30.994314
42.01687
50.478275
56.072433
102.54975
49.157444
46.135796
73.3204
46.627327
33.669125
38.715816
46.42602
69.29808
83.04578
63.462135
36.265217
26.079134
54.906624
32.939224
22.486143
31.732025
42.825584
48.907505
97.418976
71.06241
58.613037
38.339905
47.81241
27.266293
43.802544
44.622402
124.6462
135.93631
101.99373
83.98852
65.865616
50.39043
23.79572
26.149078
34.977715
44.371017
48.589367
46.6777
81.790955
94.75061
67.91738
53.681694
53.56318
30.495247
43.69786
67.201744
47.985825
35.731636
38.273254
47.980747
48.486996
70.39247
86.9044
69.170235
64.464386
33.514404
39.55436
49.928635
54.66541
90.481415
93.20626
45.95419
35.10414
46.008133
52.23362
86.17874
110.68548
147.8749
77.140236
47.467556
81.8986
87.24075
55.204002
56.388145
48.51217
22.869997
25.70048
34.418594
34.733982
43.396305
45.081173
44.85643
89.40427
92.50075
75.462074
38.234135
65.576614
76.7756
68.82149
38.259842
23.40772
35.762383
44.859566
85.31567
58.153267
63.69651
42.69282
28.86314
26.483149
35.548653
46.71824
60.698914
91.30216
67.33131
36.93866
44.184906
62.046127
138.6418
120.67422
93.25566
78.26927
49.03129
51.747044
26.461786
36.459927
43.315002
76.14668
55.637363
46.825733
33.48549
23.562307
39.673927
32.72909
20.969969
43.019585
29.284893
34.577602
43.285583
48.02596
56.461063
102.4244
68.179
48.78048
28.548223
39.82479
47.00761
45.903717
106.469154
138.77432
104.795235
73.69324
73.84988
45.486473
49.21734
55.205837
15.578241
24.68753
34.54979
44.762104
52.234875
90.04114
86.44265
42.64603
45.41414
46.659306
83.67054
93.2243
67.387474
52.810596
33.179253
60.38295
29.296999
22.237423
28.101557
37.777668
48.309284
76.912
107.2492
139.52888
119.25123
95.27767
69.22573
54.733322
46.764202
30.96739
18.446001
27.360313
36.85086
46.224773
64.070595
86.06596
67.952156
35.30785
36.818035
45.84955
79.78068
66.9681
38.723244
43.65615
50.06323
77.90559
76.54668
41.91801
40.737003
46.809376
46.662777
47.09347
116.06564
124.60129
121.13592
91.76318
51.41202
42.43759
47.922367
45.470493
97.68076
70.310616
43.585663
49.52143
23.099134
30.65931
41.869293
50.144554
93.151855
69.86495
57.045746
36.38884
47.420036
46.615326
50.695316
45.2741
108.41985
49.182606
52.18879
100.20498
100.36639
71.81419
63.52123
123.41121
137.20242
128.3163
134.87491
101.67522
62.80836
66.14452
37.195873
43.781265
47.67225
44.228603
86.77718
93.103615
64.656044
49.738964
19.708458
27.941633
44.7391
42.716656
46.506374
49.08447
111.111916
79.992874
42.591976
29.853733
54.369076
38.709896
46.860695
74.899155
86.90342
76.01535
60.510963
66.43142
112.08282
64.91548
56.255352
62.696796
58.23283
50.241478
75.59258
83.38002
127.28609
158.00081
146.19386
125.02794
115.16262
71.17365
70.90798
79.85295
96.56681
71.09048
71.28474
78.62673
55.839478
84.2843
74.6918
88.25477
57.970364
97.07082
70.55241
38.844032
71.529434
88.02585
82.36011
50.434685
55.549843
78.94868
41.7527
50.394363
47.724033
76.92277
50.30545
37.458782
48.186676
48.42293
46.41533
36.518414
39.37813
76.17972
57.63624
31.48521
117.9733
126.15216
146.89749
121.9642
119.115685
94.60266
98.5717
95.42482
81.57503
65.14799
101.44561
72.57931
89.92211
98.163086
81.71526
69.87133
55.7669
64.337814
79.271324
61.011463
75.89087
47.09393
58.88782
70.12906
76.472496
49.46647
62.463596
43.65302
61.81586
54.779484
64.776085
73.38352
46.36385
30.657793
38.693962
22.400572
34.082794
130.59586
54.20977
74.64615
102.48764
134.72256
134.29805
118.61795
118.02309
90.906654
87.927444
88.74303
51.798786
68.96772
81.40425
63.89746
63.08754
60.15518
56.54071
49.757393
45.50893
63.873837
85.974396
59.80551
59.05517
49.51907
52.714622
60.1185
60.057983
60.679855
52.155167
52.829338
81.20865
70.85051
54.390827
53.5886
60.318905
64.30422
48.481236
104.7793
69.711586
47.759193
25.59674
64.97478
70.93962
115.475945
144.1091
154.69623
124.19171
88.08954
90.69043
88.83518
65.02018
71.10167
52.64253
96.44867
55.421535
58.923588
67.11223
37.328354
70.51486
54.376118
69.28251
57.159363
73.87988
50.809097
38.461216
68.671646
79.80432
75.99473
55.489506
91.72387
76.82491
64.624
50.19478
49.66653
67.19059
58.1367
56.263466
56.57387
75.811646
62.202785
61.142387
44.79092
71.05914
91.344955
121.60788
137.44774
134.48851
127.12306
86.41834
81.662544
89.45176
55.70487
67.00174
68.41873
67.17871
68.72241
68.17198
59.537167
65.489845
61.28433
92.80285
70.528625
58.213142
47.578583
34.610264
67.52207
55.70347
41.9145
44.32957
60.21964
48.55293
59.668274
58.775124
51.220573
66.46823
62.76752
54.623646
40.41543
48.14984
42.576355
63.009804
71.028946
31.759485
61.023373
112.83136
148.81563
135.25615
131.6686
76.73608
103.40799
92.45715
106.1802
51.657578
85.21056
61.957214
71.01973
85.23674
66.65083
39.389503
57.82337
49.747776
103.46465
63.680054
56.66885
81.85586
59.888573
51.713917
41.032898
73.503365
62.83246
54.232693
81.774086
62.735718
45.030014
14.014952
48.24913
88.2689
39.07887
64.765724
69.37526
58.80866
62.431507
63.229755
55.29134
35.044037
108.69338
132.55812
157.30371
149.28621
133.37074
103.4798
103.47135
84.6264
76.38679
49.842903
77.658005
66.12493
58.709244
65.85423
55.195946
48.509354
66.37697
65.491714
49.947968
69.815575
53.282623
55.88848
34.74086
65.95453
55.6466
91.92614
72.5293
44.516083
52.68304
46.779922
76.615616
63.631744
56.364407
72.20584
73.3467
57.86914
96.59311
95.86081
76.29303
74.00199
95.3246
133.27393
133.29366
133.46657
117.32947
118.61784
88.96405
66.70922
95.49586
65.882286
53.544533
60.870316
79.54642
62.729176
83.64588
47.601566
87.78695
52.381046
64.69466
68.63295
62.00235
54.67876
40.838676
74.57863
64.2518
49.288727
38.57445
73.7146
71.26812
64.78348
64.54372
84.82791
61.049576
81.25749
59.968994
64.9661
57.944847
58.366417
60.52107
41.66993
66.95855
129.90971
148.41154
131.29848
106.5743
88.932434
89.90115
98.56518
83.55509
71.94711
84.07168
76.19976
53.322235
87.14528
64.38711
50.584442
66.36784
60.92815
39.438824
62.322163
48.0964
76.41212
62.058872
41.41455
70.81783
31.284063
64.18015
63.646606
62.3853
49.36485
60.51197
38.913467
89.86327
65.86344
46.501507
46.406475
60.452038
60.372845
78.41874
58.101536
41.920803
104.62791
125.4884
157.29498
123.43517
101.11953
103.868225
86.54678
93.42261
82.12147
58.47411
72.64328
89.390144
48.797123
71.597244
47.38668
74.75717
77.34686
63.013145
60.31513
57.21156
66.298706
54.636986
75.78738
79.951
47.36366
39.625797
64.95578
71.61282
76.869835
66.31827
45.842175
61.9855
50.559116
15.886339
75.02675
79.195755
78.36992
63.57175
55.435097
86.26594
101.408325
129.95027
141.68204
127.7469
129.61154
96.46742
101.67153
80.85124
78.51779
93.138405
71.928734
74.053345
75.65009
58.72117
60.585392
83.79366
29.831802
83.59408
74.03978
59.01266
61.357685
62.077072
66.56527
66.242584
57.07135
61.738323
54.72141
44.94962
34.8663
75.400024
72.79056
58.08184
66.338776
58.392704
88.15263
82.76495
49.87131
75.62501
55.20382
69.70997
46.17702
11.24802
123.75486
159.08253
123.04916
153.71565
101.02628
80.299995
67.80212
111.93761
64.548325
81.91072
72.8481
71.60611
43.58205
82.05628
90.93524
65.10353
74.664986
39.040417
34.41077
72.031
117.141846
36.476933
48.07505
98.416405
68.86923
65.3386
75.78198
63.359966
60.214767
67.7383
49.798977
74.046425
80.17807
49.208344
56.96272
77.10669
51.285645
41.934273
62.274734
69.13458
86.88974
145.1503
151.91298
124.62148
102.78586
103.41061
77.78704
99.54701
84.13102
91.242516
71.21259
86.383865
75.35996
70.52575
88.259094
69.8765
45.283173
98.96302
45.09272
70.688705
57.281082
79.78762
52.711327
87.17112
70.50448
62.845287
81.332886
43.409748
55.59469
89.84569
70.345406
38.983627
68.19503
67.104385
75.844925
59.78161
59.743813
92.05695
68.412895
45.30427
81.44834
151.31462
158.01947
136.08453
113.725876
96.30752
89.737305
94.870094
53.173985
65.973976
79.715614
60.419838
55.515175
68.2189
69.67115
74.66108
82.95147
68.99814
65.504845
46.129765
72.58957
137.44852
133.73639
92.30376
80.535446
67.88935
22.755379
6.990697
59.053463
69.3893
37.814335
52.676426
48.067734
43.149155
43.53087
12.091195
27.351793
40.712284
53.537083
8.196321
2.285455
46.81644
71.154175
45.95975
60.86268
34.052692
27.43592
1.9193091
5.8992877
79.065575
43.98661
71.75127
40.51654
31.619719
3.665993
7.2067213
35.958443
65.2889
70.068634
38.057167
57.58852
86.83033
147.81699
118.258575
78.29716
83.396385
73.54372
60.921875
41.537224
57.31439
-3.654622
0.3438257
2.7071624
16.823874
77.82047
59.478027
62.16368
54.50962
43.769566
27.646261
7.028481
48.147587
44.048264
55.786156
48.504036
8.095186
10.450054
12.93406
20.233608
46.43258
80.26768
74.604576
62.390686
62.418762
48.51314
21.372084
11.568128
14.244947
38.850853
81.69984
72.220955
43.53568
138.07338
135.469
99.48307
70.41751
73.40974
47.71574
57.3016
57.626774
1.4754261
5.712245
57.993008
62.187984
38.75701
3.2495785
1.2496918
8.989825
33.499527
65.52717
72.85558
42.835423
68.44117
3.656795
-2.3523698
2.854257
8.998969
59.07519
57.540073
67.30696
62.853653
52.68857
38.285572
41.879272
2.476887
4.6070104
11.362725
68.955635
40.57086
33.22616
-1.266013
3.19472
89.47498
135.44946
104.01002
75.384735
71.97008
49.15633
12.715857
19.720493
75.31982
72.88193
42.26448
8.4424095
5.4738383
61.884956
56.03793
64.50309
33.469814
51.711937
1.2581909
-2.7153146
-1.4088794
2.741923
35.75051
69.83137
68.09115
50.55689
32.176945
41.373005
52.822918
-2.88345
1.5668621
3.6507053
7.1805005
68.37525
67.12518
60.384872
44.925793
52.193504
29.52399
0.15612768
24.032722
127.7482
146.52176
97.47779
81.22809
57.49964
90.32479
64.39946
34.663265
7.3851943
25.586382
74.62574
18.447126
0.83038086
51.651367
55.9334
58.107388
54.393345
34.150352
4.7661676
8.175968
13.785754
44.141613
58.452984
69.965004
40.52391
61.42094
48.385345
8.384896
5.435916
8.84786
31.60784
83.77868
45.632656
57.305546
66.82573
49.54591
49.64587
3.3235295
0.91574395
5.1977525
106.26197
128.38216
114.55191
69.288376
65.20582
59.233536
49.441757
66.04814
51.764145
45.938873
57.329895
40.48237
14.429135
56.411213
37.75382
2.0152094
1.2222382
2.581842
51.19341
72.54968
15.340406
7.8148503
14.270103
52.181896
76.26393
69.60657
71.36194
53.195312
40.26878
44.936764
81.33437
134.00418
134.02838
99.25771
70.47279
65.44182
58.107597
48.666943
55.05827
47.09982
4.6519346
31.039421
56.205532
57.934734
33.142803
-0.79328793
20.553205
65.28948
43.269516
52.259327
41.889782
44.159767
48.93893
13.899089
-8.720388
32.69697
40.603313
8.934441
14.48107
49.24898
85.366135
141.80249
122.083115
98.513954
71.814445
65.04317
66.42885
52.01503
19.559084
13.704199
61.76038
48.07117
56.24363
55.59311
52.934593
45.59312
39.16602
2.6993341
9.795022
63.020855
27.832466
20.343258
23.203722
30.239523
34.119118
41.675503
45.628403
46.738422
105.17181
104.43431
81.601295
119.08589
132.01405
125.39451
82.18599
64.14363
58.395535
53.246902
56.769547
50.05191
40.112705
2.177541
4.155523
50.773735
27.412476
9.103393
15.798386
55.810303
70.560165
53.4503
75.73834
52.984425
48.96802
10.7192745
7.3148804
45.822933
32.671227
60.61523
55.358883
45.470993
31.404034
95.440796
142.93951
124.09961
83.03199
79.28918
49.371944
62.782307
64.54611
50.299328
30.64462
6.3277617
3.192194
14.891197
69.461334
66.08084
61.990784
43.13448
49.555588
36.879787
25.589888
-0.9015798
2.879405
45.402515
54.936348
11.24176
13.095523
61.139164
45.821236
49.491955
64.47899
49.4076
58.72141
64.28776
65.12234
49.619415
52.588444
64.70904
63.417103
47.481773
94.01426
59.980263
45.540302
23.837414
67.17183
69.68449
59.759266
52.38409
80.26032
40.64437
66.56138
62.948353
137.7082
170.54984
127.788666
99.31603
104.06629
92.9318
76.51974
75.90185
68.583405
87.72719
84.42119
75.664604
42.861126
30.00651
85.08008
50.371628
105.76416
79.11955
64.102554
67.20539
47.030678
53.992172
79.304855
77.73388
52.123943
39.354893
81.49605
60.402367
30.631214
32.54575
67.04999
52.009457
59.838444
62.821133
52.180485
76.67447
54.391506
54.39542
44.262398
57.086098
97.19
141.84486
140.6025
127.899826
104.309456
96.176
88.15263
89.3212
67.83303
96.5658
63.861515
48.358402
59.99607
66.526215
68.70298
55.061943
44.8538
68.17021
80.53334
44.001125
59.89474
64.357414
55.914043
68.707634
62.53156
74.529625
49.038357
51.650494
50.602768
67.25539
49.407696
66.9654
58.466473
40.59974
56.673237
46.50895
66.50665
45.21693
68.393906
41.08066
59.31642
131.34424
140.10684
143.83258
101.82947
104.81781
76.6069
75.743965
78.02799
79.70716
73.127655
72.39551
80.31458
66.36591
35.14674
75.648766
92.12356
68.175026
60.896652
54.186363
52.572346
56.96722
71.514435
48.325714
49.243843
77.746254
48.50449
81.1127
74.937706
72.92287
66.76372
51.372337
59.962475
77.027405
39.374104
61.10502
66.378204
56.109833
62.18911
55.05085
65.99836
89.43482
136.2533
140.10155
134.83069
106.310646
91.73399
71.59992
78.426575
109.729805
85.585045
77.552635
80.31283
71.603096
55.6381
46.476646
64.68639
46.319675
79.106674
59.057438
55.10442
47.1118
69.133255
75.92382
54.331947
10.392722
66.29667
48.328876
64.89974
60.0377
74.193855
43.444782
73.673134
24.407455
52.700993
54.213623
38.917145
71.1071
51.101883
52.90472
34.61914
83.333534
143.34003
144.77043
136.69292
109.007416
105.7852
85.961914
72.977745
79.01854
79.169586
83.694466
53.394386
71.25358
56.92252
69.724396
65.43426
73.76513
63.366833
78.91461
57.253296
65.4512
65.19365
49.064262
77.14368
55.25109
57.65791
40.18633
77.76244
60.897068
57.10083
62.64439
76.67389
66.926895
66.323746
53.789963
55.396717
40.422783
81.33092
80.081276
52.83125
78.14414
131.1601
154.46884
150.97873
113.21209
102.91652
96.96748
89.31366
83.15521
72.81931
82.71328
85.726845
60.08906
50.935585
70.06233
56.977844
58.018757
55.39073
64.28518
34.364643
70.73262
41.489204
88.45185
43.063004
70.317375
52.447285
47.94509
62.447014
54.491673
52.895485
45.003143
67.47185
48.41719
72.81839
58.63766
35.747345
65.2301
59.503517
30.452875
55.204098
66.72695
70.25173
131.20517
130.9418
133.48969
117.81617
103.26449
89.074005
82.4756
95.2626
75.93545
61.557266
88.97627
70.881
71.83027
79.9978
72.71048
56.798496
35.969204
58.57132
47.447636
62.057156
16.288343
32.25997
74.89751
57.294426
65.19018
83.2078
72.03151
48.527233
58.060966
58.632244
14.362265
39.74176
60.543716
45.83615
75.10837
61.73638
46.584328
71.38748
77.57524
63.414406
53.019978
141.75633
139.49907
136.83751
92.05939
84.09886
92.77025
66.057556
92.47166
52.627144
72.041756
57.790268
78.12732
69.831795
65.12735
54.08721
55.398243
30.168108
71.60495
53.14837
51.063763
65.252335
40.836845
70.52541
51.8506
38.331207
52.636932
47.076977
54.64515
64.95242
44.508686
49.38328
29.031494
67.550606
39.20552
57.562286
39.301907
53.89511
56.398365
25.256037
31.933876
91.98998
142.36523
128.38966
97.88531
84.1522
73.953674
77.97396
78.163086
79.0082
29.98109
72.50984
44.84212
78.49605
70.24106
54.594166
76.12001
55.1715
68.50219
74.134575
57.269585
59.446236
71.6128
48.823074
39.962536
63.708977
47.224873
53.00355
48.65714
54.33465
50.682602
36.27426
66.934105
29.796255
64.040924
49.97431
28.95231
74.03631
52.64112
46.624863
69.625046
65.72452
141.64914
127.38825
123.502556
96.352486
73.58006
62.322956
103.90571
54.7156
64.144485
34.669334
32.78083
89.54365
43.16171
66.67457
70.30176
72.36335
55.755962
52.503563
45.25601
56.124836
55.387333
17.26983
77.04335
57.212566
44.267868
73.16366
33.032124
50.326397
29.638721
66.08326
52.898167
57.95534
46.747513
48.431366
47.00855
45.904438
16.129133
68.44792
50.112938
38.294033
97.368095
149.74352
126.36792
101.954056
94.80491
90.52869
82.44765
70.28958
63.61162
48.06675
65.48351
68.02359
61.58947
71.29316
60.7073
25.739897
57.21659
50.550293
59.064156
50.07912
54.568386
24.72633
82.172806
37.678158
78.53013
77.956795
34.68824
83.69766
65.35618
49.25302
69.05252
46.422905
58.783604
65.797325
34.11553
51.087196
41.33028
19.654171
29.169283
62.811222
68.44536
136.31589
126.89586
108.254814
83.327156
79.417496
91.92677
76.954025
91.91871
73.07073
54.2468
79.19908
77.4913
47.94092
66.38126
43.286743
64.36771
59.160103
50.467106
28.241306
56.207947
30.835255
59.333214
53.73271
53.518738
32.156475
32.02835
30.341202
54.31529
35.351498
30.515987
41.076
41.14831
15.907435
35.655655
34.769703
24.83351
34.631386
65.56652
27.373621
40.19041
37.793335
133.67891
121.32382
126.40566
87.16487
91.22234
78.4201
84.97145
73.79908
66.07287
70.07852
63.41429
56.46117
56.289265
45.325882
28.631319
72.331085
49.487583
59.17735
47.272488
41.822395
45.64983
49.33945
15.973574
52.38363
33.59591
5.276106
31.220821
52.767597
43.193634
38.19656
32.860004
16.158537
25.14778
31.960531
-9.092345
37.55256
-10.057816
42.519054
46.687828
40.934532
77.2764
143.59016
125.92512
93.603615
112.74636
86.00508
70.47991
53.335316
86.00999
50.851074
97.5287
132.85892
114.78467
92.7169
87.82658
63.76957
65.18888
41.611397
53.410324
1.6133213
-2.4593656
8.393712
21.16661
31.34876
39.349434
50.902794
104.35703
91.05135
76.7147
58.53852
50.724545
53.98301
36.607613
33.414104
-2.8563383
24.790972
9.830637
13.379135
10.686926
22.425095
8.636077
8.68762
3.519932
9.803541
-6.8197193
-2.4128146
-22.825624
-9.080744
2.515847
13.059722
29.958189
131.9618
141.29291
96.459755
100.03657
80.16959
49.80791
69.57892
36.354492
57.59591
20.001652
-5.3866925
3.809433
15.331601
25.980444
39.919018
56.630215
112.00153
72.61785
82.316666
53.016537
45.23586
46.03491
45.057316
-0.7768484
4.1048484
16.409403
29.868528
64.84546
81.683945
59.478306
50.42374
57.59307
38.689327
42.556778
32.800053
15.462899
44.08596
8.664609
17.492197
7.0318904
90.08407
137.40839
125.52924
97.29669
92.96063
76.76652
49.15124
53.509792
10.223088
3.8782575
16.153416
80.48673
68.66722
59.934483
60.650997
49.494736
42.403683
41.267788
27.0528
7.9822373
23.051788
14.362757
6.7723565
13.496107
17.557156
-12.26417
29.469645
11.076926
10.189832
0.29338503
-9.389391
-27.426487
-16.2298
-7.954359
-1.1287801
9.845939
23.481213
89.98059
73.317635
58.7053
34.570198
137.3977
128.70703
93.46389
98.85816
85.53104
43.06951
29.577465
22.583132
32.302418
45.516117
116.15661
74.47175
52.629833
88.82311
53.681664
38.116665
6.772872
51.106
13.411906
40.031883
60.34617
23.517002
-3.2241614
5.2323184
15.716588
27.136143
38.570988
43.89391
56.974678
112.458954
92.310684
88.41614
24.763395
19.513317
39.934284
99.82448
71.710846
58.46604
62.898262
11.075978
102.0596
138.43399
117.48262
105.61272
82.77424
47.431053
58.862057
58.431385
46.173122
43.70338
33.853203
26.042408
7.9204025
1.5274904
11.420567
68.07305
49.72793
57.844543
34.98754
24.845757
22.76466
15.264864
-14.135258
-17.321314
-12.467296
-1.1824782
7.541313
17.537598
30.920013
44.28022
110.10108
74.504684
82.42783
63.01487
10.367085
2.1049368
9.92208
20.893774
34.078564
67.994446
119.7326
134.52428
130.59262
96.71715
81.690796
69.263794
26.551159
50.329834
54.444386
39.894077
29.984999
-8.228102
10.202107
17.677422
67.621445
62.970154
46.510128
16.50816
34.114677
44.93161
86.68125
88.43291
57.961864
56.13686
53.670376
41.516785
42.983967
34.84888
33.73728
-1.3171171
18.884258
126.62881
141.2078
113.39951
67.88783
79.62634
67.722115
53.751564
57.9102
56.946007
35.42109
42.29967
35.959282
10.430137
4.7505093
14.80347
9.781638
12.545638
2.7365503
-13.556026
13.692022
0.09574246
-43.482895
7.6545887
12.356378
17.267887
-20.199257
-9.370211
-1.6566857
6.1848407
13.738447
100.45891
140.08836
114.717575
100.126724
66.91305
17.126318
51.455986
82.20661
61.863663
54.920616
13.842693
-0.7948856
5.5072794
73.47012
72.527756
52.31348
40.77858
34.207985
32.976215
13.290219
24.0483
9.148671
-0.7368921
15.300055
11.87599
7.3996053
4.249794
-6.1387105
11.87929
-13.254281
50.05052
131.7041
122.019
98.995186
68.68116
27.03937
38.47419
86.68283
84.73483
70.97193
65.47356
71.64485
31.291637
31.32145
14.504016
34.29977
16.845926
9.150963
-14.034645
-3.9524407
3.4270034
16.409134
28.373907
41.08668
85.479706
81.90076
72.63354
56.718273
71.53858
62.04303
61.944992
140.4237
139.52684
94.52703
105.56786
76.76417
64.113495
56.8289
35.646873
-7.1189046
3.721764
13.033302
27.924992
40.96112
46.913673
98.64227
89.3216
86.505196
58.870243
70.398766
43.666264
44.092308
10.183262
2.1401756
7.526154
19.524267
83.88404
52.140087
44.55229
6.4981976
21.647322
48.164314
76.4163
49.481037
66.875114
38.64824
45.991314
25.48171
28.74521
32.24392
42.324936
58.18323
38.123924
26.441051
39.141224
27.162397
31.4097
32.892715
51.791145
32.946884
14.4432745
57.712738
42.68228
37.843746
30.623169
42.60987
36.795628
37.527287
35.38688
17.28362
34.254158
59.795933
135.78815
138.26677
114.68016
88.97035
78.0152
95.75717
59.32243
100.85591
71.215294
62.710316
70.12786
59.463985
48.16724
39.354744
46.147923
48.038025
45.604797
43.71638
28.429453
42.109238
13.986206
55.03805
40.17856
11.076593
48.017796
39.28759
40.101437
51.477547
25.22382
50.107307
49.009533
31.455118
43.17362
48.04225
-3.5152996
59.640923
61.00764
39.909473
52.550438
29.031832
128.93582
158.42812
114.88754
105.98084
94.35396
84.17908
84.68418
78.62765
92.067444
72.28952
50.5344
72.378
59.165157
59.255917
60.81045
39.400726
69.35424
86.88598
57.54108
70.18294
53.3537
35.72393
36.02103
40.85597
55.046825
45.443954
20.500662
24.248787
54.19834
59.247177
43.095383
25.167286
11.967904
46.54057
34.185246
24.737957
53.746662
18.465027
51.51561
29.820303
92.90627
143.0842
150.91515
97.16701
111.91578
84.25971
70.055534
88.31771
60.633762
61.63162
81.30752
53.928677
70.45533
49.305313
49.130764
50.226112
58.932426
54.93297
44.41826
43.72254
28.3596
44.589012
21.946093
49.63443
45.614246
42.04113
57.60295
13.708804
61.00778
55.03854
35.342567
56.996998
51.45914
39.17155
52.402107
50.698578
30.13504
27.470661
56.167778
46.88934
47.014893
140.6101
140.37653
120.01853
92.242035
102.004875
80.94799
89.87882
84.64854
79.32863
71.26581
76.12311
62.433685
81.9386
74.59854
64.03252
53.19864
63.943035
24.34177
64.394196
41.86518
4.404187
67.15581
54.987488
43.01334
61.820644
50.850338
15.464508
51.728653
61.033707
30.151564
16.535221
43.756374
59.366734
66.60522
48.052597
62.406963
62.17007
41.933132
41.468708
29.719465
105.30818
143.85336
148.44867
122.37468
100.63583
104.164345
94.707954
88.47619
64.67295
68.82895
70.1707
61.838623
68.67781
62.574757
55.77669
48.36393
52.11276
54.84439
7.7062855
64.608894
52.441048
55.01232
62.515118
37.29003
55.95429
44.5962
53.38331
41.669308
65.313
44.755543
36.193523
48.49225
42.69558
31.244692
47.679066
37.37833
50.746933
-19.082651
-10.277682
39.470997
77.2078
132.42801
146.03246
123.4005
125.56123
87.47686
98.84108
76.76183
81.32878
78.055855
64.72598
81.4031
64.02133
66.6932
65.9775
68.328094
71.59137
44.45641
60.58949
53.793312
38.3537
36.580807
58.02368
24.158998
43.73983
42.06584
28.392624
22.746172
-2.5604086
57.941566
8.04425
39.365738
42.051857
37.57272
44.67752
70.93393
31.519424
28.84048
10.378699
43.664696
47.38914
115.84797
138.61708
135.68257
112.39047
88.904755
65.51328
73.10309
92.310165
65.07029
75.0767
80.274025
66.564224
60.43312
49.69769
76.543434
50.34063
57.669346
48.275402
37.68164
63.69665
37.858627
48.106506
59.993587
43.72218
40.700825
53.47074
30.199944
9.734104
39.900234
39.35401
36.83169
46.040646
49.120804
12.109976
45.154404
41.758564
66.40657
39.989902
59.953987
44.025803
73.481094
139.66249
126.83145
94.94559
97.0657
88.532036
85.84662
81.563995
66.131966
57.96836
64.55593
51.592728
45.858944
71.2149
24.595541
65.26136
43.60555
24.805672
72.455124
47.57005
65.07345
37.507988
45.845085
53.032566
27.73127
43.80869
43.151093
28.082735
60.959846
22.69655
41.156483
31.832438
28.8766
-2.0218067
32.123417
56.525455
21.120682
24.56006
30.800526
51.046463
15.660772
6.1909437
130.48305
137.44917
129.82472
103.38714
84.497086
73.72582
100.31482
85.027504
55.897984
61.69527
65.98042
71.25311
67.10837
63.089565
36.16551
48.454376
72.497986
65.645805
70.41005
61.773987
38.97539
46.296284
61.551548
34.730675
50.524822
60.144855
47.255264
60.20989
26.172617
42.253033
32.03568
33.25257
38.158463
39.520985
38.18086
33.180714
9.893997
54.536175
32.288605
51.2399
94.9129
140.4544
141.68982
114.90988
116.1658
89.60139
92.45757
65.70956
55.76833
74.604485
76.044914
65.09516
54.78838
55.388046
61.339283
68.89544
38.736862
58.444736
55.728745
60.828648
37.952522
11.505747
59.867714
-7.901356
49.359978
73.70113
60.809383
74.393326
49.20826
22.285843
44.414536
21.013678
56.650208
47.56348
-19.326172
79.46377
49.04056
53.89044
62.89714
31.950937
65.639145
139.41472
121.75331
107.53377
115.090805
92.958855
67.919174
83.989586
71.34401
74.84633
67.84101
85.78726
70.179016
28.195395
68.708115
67.2564
42.831787
6.3781137
72.04076
68.163956
39.586277
16.715206
57.000546
69.41085
69.25754
49.41702
64.940125
68.764145
42.222607
58.2622
21.077244
22.764215
41.46131
25.437134
77.404045
54.287228
67.266846
64.57521
35.131355
63.513638
45.6452
91.11191
136.73608
128.3611
93.08524
106.21028
76.54018
79.40378
87.46043
53.971764
70.53989
60.1316
80.25155
51.420715
85.72262
27.289627
-5.399821
75.31848
77.08116
64.58212
59.440582
60.565292
61.439934
37.901573
58.84181
41.001343
65.545586
53.70907
43.87477
35.876667
68.17492
38.465866
56.204494
42.526447
59.438705
59.498657
11.432383
82.8305
41.37596
58.251266
34.985867
74.63156
144.97705
132.12735
114.27267
101.6505
83.21765
75.49148
88.7458
94.09621
96.72919
64.8815
84.05083
69.25877
56.961357
73.30816
54.76141
81.582886
46.22114
31.12618
49.843437
41.279358
49.776997
42.858532
58.22693
31.144
51.949493
53.023945
40.01463
50.795326
75.89778
67.86798
52.883984
43.705833
39.113018
53.71522
16.280407
58.420975
51.098938
75.38276
36.692657
59.927094
50.869293
147.75099
131.91307
113.278946
87.71018
82.57755
80.951454
78.51722
50.499996
66.655396
43.15566
50.03983
56.33185
45.224228
29.714823
36.224945
16.684357
24.556763
2.984158
23.322586
24.693987
27.67093
8.3277025
31.464638
-5.3608627
37.85185
9.498313
2.513574
10.938095
7.1403193
-14.782346
27.562069
-5.689188
2.7762516
8.480515
20.944492
3.0788994
-8.292658
25.405083
2.8000977
6.4927454
89.65022
144.94263
124.48416
111.80153
87.104614
64.6385
65.44158
11.468181
85.01842
51.931458
54.700115
67.974205
51.988785
29.698538
23.071795
21.192736
19.250023
33.467552
1.4930903
34.682236
-7.7164383
46.03209
28.677889
33.572178
24.53853
29.025673
18.82601
15.229641
11.534559
27.44832
-12.216889
27.695343
13.15296
31.309006
17.488113
14.373969
18.642578
5.9770055
22.104286
14.374666
32.439907
153.33682
122.84449
99.14133
88.85787
68.19478
88.33114
43.600117
67.09813
58.895035
53.754963
49.917984
30.622496
41.768787
35.91379
30.478527
23.851683
27.022615
7.2156644
12.625251
20.143305
11.715233
18.18958
7.8982043
17.39096
20.317587
16.159283
7.1421537
-45.018787
-2.5018163
37.250248
27.422892
32.251266
15.605931
13.556177
22.432913
5.6497483
15.833236
12.319816
5.65637
39.98062
93.617805
142.27325
120.211044
103.745674
89.00912
82.68492
58.817936
72.85751
58.49162
32.148766
54.247032
58.50537
48.664078
34.730083
24.964117
16.372854
14.166653
10.032485
19.44493
27.076738
1.4245414
15.671503
25.49343
14.188156
12.401104
14.203369
30.019402
-3.786997
19.383669
24.199482
21.271513
-6.9962883
5.807569
27.45332
29.024292
12.019566
10.990171
10.933851
39.69406
-2.9060843
59.996296
146.71854
128.3118
111.33444
74.47257
80.07173
69.414604
70.04688
58.720024
59.48067
28.319483
51.962776
32.095142
44.94915
11.108657
44.91573
28.784554
14.492625
-1.6840112
23.480244
18.239887
7.8064404
16.268463
5.862035
5.770908
-7.2490187
-3.5518517
14.340547
-12.046659
14.1667
5.036316
14.867743
17.036924
-1.0049326
12.962557
22.972483
6.6973057
31.870586
5.4167852
8.326698
13.330072
122.65839
134.01381
125.678734
113.97302
96.01535
94.32832
86.517654
63.444096
51.900208
31.981733
62.1472
20.5359
32.756664
32.897446
37.031948
15.67314
22.648966
12.700728
20.77845
36.318363
11.874781
22.431929
24.686314
-9.903179
25.244402
18.346037
13.08342
11.464118
44.151257
-11.671101
81.11133
152.02275
127.1745
101.680786
72.35149
93.86921
69.56446
64.07736
73.19667
48.248615
30.118961
52.564247
19.764208
42.14142
21.547361
19.660666
39.73867
6.662035
2.4188578
36.056484
10.35523
21.877003
9.130384
12.581341
-12.073229
23.130878
2.559816
14.605823
0.57785237
-18.413492
15.231182
147.90742
136.41545
117.20794
86.29961
86.27112
69.240265
76.08747
59.902435
59.384468
45.29534
45.83481
25.091227
38.23723
36.21011
17.722208
25.548313
25.67656
25.761797
8.182693
10.354532
9.036545
24.679623
13.054868
22.724424
5.47983
30.011309
28.453255
16.747702
5.0225067
17.595345
139.91307
128.55318
109.973015
121.48116
79.7214
93.00221
60.69259
56.35926
60.032646
65.58035
30.719673
40.329273
22.369673
38.568283
45.913525
35.31417
28.09253
24.59751
16.654
18.92884
6.278563
21.870049
-3.7594233
36.729836
11.999024
28.441072
0.21509095
4.0890837
18.659245
6.229158
102.53199
146.15927
119.93324
100.65242
87.55204
86.54241
72.99383
59.432556
49.459396
54.772823
32.820293
65.795784
35.72341
18.872515
25.370594
11.966016
35.781715
7.7810397
5.1385403
8.657452
26.464334
24.252758
6.0617013
5.9419794
9.943067
18.331451
15.033726
4.403769
6.166584
12.140777
31.405313
135.9015
135.9368
117.361046
107.07513
100.5269
92.115616
74.37962
74.86696
44.134586
79.04991
68.287544
84.34776
49.01296
72.59349
50.895123
57.81558
43.59083
64.82567
39.04458
50.563385
36.704308
40.00967
48.239605
64.31226
61.260914
50.764122
47.96024
31.196194
51.150204
35.038666
33.958164
38.234627
39.866055
54.63666
59.779476
47.30679
37.874508
30.070553
63.031883
-15.699625
118.97031
136.947
144.58371
119.42465
98.446884
103.45662
89.13977
73.402985
52.46905
67.775276
68.11759
61.90659
53.81081
60.718185
60.561043
35.99467
55.983803
11.735306
64.09426
24.243248
77.942
46.01613
41.704876
54.852703
27.259506
55.883305
34.128242
41.00439
49.427353
14.564573
31.889362
17.230188
59.10144
48.338226
36.255886
12.372333
40.494667
22.681402
42.07499
29.898865
86.384346
151.05995
127.72415
95.66244
101.71881
97.7036
85.0505
89.99612
61.365883
44.43924
72.661865
61.9384
85.64432
55.712307
53.771545
73.64871
50.76232
29.796253
55.826656
49.78302
39.543594
54.256084
34.92972
3.7796535
47.490246
47.361603
48.22504
36.370884
50.801872
39.00837
51.99798
39.329178
51.344856
41.998463
43.795055
36.696175
47.139446
36.251865
39.737373
42.987312
22.417126
146.13844
137.15375
118.05805
103.05378
82.97096
86.67376
83.3463
72.59698
64.53217
73.81586
64.357
70.530525
52.235344
46.195404
60.115627
28.246347
46.12617
13.247469
48.87463
46.61061
41.292377
39.831425
6.6574483
42.965607
30.361883
19.250896
28.49617
34.307007
34.725315
14.41411
29.765789
24.207153
47.648712
23.25669
29.058477
22.369116
47.777367
49.39871
39.992268
29.374285
87.8419
139.97293
129.00731
118.99111
99.67878
104.0171
80.382965
68.502594
74.149605
58.615513
57.756958
53.947124
56.661068
31.043999
53.237907
39.827568
51.532303
30.351519
34.12883
21.24831
28.41234
14.702536
34.375847
25.863396
-2.422533
45.84073
24.683935
17.627754
54.38915
32.340473
30.714525
16.359903
31.826977
26.56529
47.55932
27.757
12.444325
24.981897
7.086767
15.516731
41.90323
149.16629
128.94867
124.5825
97.63698
92.25861
85.79139
74.48816
65.17973
67.468735
40.294987
71.96205
48.38073
66.438095
32.999542
49.127068
44.215763
50.66081
37.01928
38.55525
26.533058
54.051502
44.875465
52.005188
48.050983
24.688774
0.95446473
45.951313
24.942892
37.780407
26.151556
47.66015
10.734972
26.50336
41.243916
21.149233
32.532402
28.224604
68.04773
32.699604
51.29573
99.85344
145.83821
120.34365
120.65343
98.87429
92.20766
93.04537
57.783928
88.06546
61.688328
46.86763
51.005825
67.389366
42.08007
37.085938
51.92287
63.332264
35.544914
17.10832
48.883804
31.914581
32.76655
34.464077
54.303272
40.868702
39.900665
38.569794
35.443687
18.254038
36.680695
32.536606
53.019245
14.866131
41.150784
47.565067
13.2988205
56.967373
-16.473787
5.671984
45.45354
73.75976
138.85777
123.31296
131.56775
122.03062
120.025154
83.83969
84.70212
79.57896
90.70079
69.80084
88.903946
83.79197
55.971767
79.262566
56.115227
49.57002
52.637794
45.07915
47.76625
34.923695
39.471992
34.29639
26.1661
43.560234
-23.946516
57.20575
44.946556
56.153908
38.030144
30.325056
28.838863
36.847134
25.543528
40.10132
28.601421
43.782394
7.128095
32.058704
3.907595
20.567133
121.75811
150.57698
135.81989
113.20025
98.2483
95.26223
83.845566
72.40973
43.46042
56.555584
78.25036
58.426258
69.90539
66.377525
63.905884
61.285225
64.68998
33.21103
62.032772
47.436825
44.56391
57.279484
49.198193
25.693853
29.533972
47.63957
50.926678
44.29681
25.366917
32.052765
20.418423
34.1499
8.991438
41.78233
-0.7799758
40.908382
19.729778
14.287559
30.778622
12.328696
61.550697
132.52899
125.04476
133.12111
97.935326
96.67126
92.959915
55.17709
79.70063
86.29302
83.7986
36.29549
86.85759
29.450432
73.29309
53.165627
64.957306
54.430252
49.862408
45.8456
42.59356
44.82616
29.290215
38.97517
38.370125
26.152826
44.834927
13.031304
39.964977
42.95272
3.1345057
42.090767
20.926945
19.096466
31.58637
23.405376
28.98136
49.25916
24.327995
11.367755
26.78231
25.46667
