1.2368988883512264
1.6933198727639207
-0.17502743411867033
0.5637122809985943
-0.17359359212528494
-0.6682608735968405
0.08072658338083752
0.808297562689462
0.3789660138869876
0.3650627392884927
-0.5566263779677545
-1.2683867703231713
-0.4357188607101579
-0.49485825768656844
-1.0149837782886548
1.4893849847629417
2.592918038596054
0.6013609257039341
1.1600752386730904
-1.982522125329637
0.08791245357264608
0.23491135444083158
-1.273765895593859
-0.7810353742154449
1.0269455096469675
-0.7065172341085536
-1.3465239962795335
-0.9889871315345908
0.2003846947800498
1.620382337192084
-0.3437306948649129
-1.6359685289794355
1.5383323478347617
1.2745291286475469
-0.5612987254197883
-1.9842563885107625
-1.513741795041315
0.2437821761186239
-1.157727140514404
1.4110772735890533
1.3850417542983313
0.25424400207062303
0.23789887917872843
1.4384085866599208
-0.5580174716262154
0.08420259587171797
-0.3163228778474024
-0.7385487725801281
1.5557053806966894
-0.8364139072325911
-0.8613672158065119
-0.996315287106139
-1.0276362062847306
-0.029348264171651182
-0.47776842293097616
-0.4288590822653921
0.11656838131340766
1.5285549540382932
0.5793471473500854
1.3798019160939186
-0.7047312853648259
-1.6433870788303497
-1.0467716359428605
-1.2685119006912655
-0.7498060831858026
0.5508240223014829
-1.031558463061799
1.2277056444075052
-0.32108536713095703
0.9969441125849839
1.0536891700330933
3.0180658137976732
-0.06164250193649696
-1.3633010153657206
-0.2744276237870709
-0.7174897722384868
1.0078561941732525
-0.07142309155366929
1.4113480453004053
1.1996562138727223
1.6688924546693353
2.0729470848324465
0.3786226114658433
-0.10830964674705229
1.0003988595831128
1.1422676248319341
-0.6047679574532134
-0.3301023811898548
0.3483650193621595
2.356736106620292
-0.41942445680926616
-1.6468061652986594
-1.4584242605361888
0.29822180039062246
1.7543293025593412
-1.5228049990911952
1.993618632694327
-0.11018485910205254
-1.0876194972402258
-0.9294225298277653
0.28904116443841804
0.60578067367327
-1.0780767511268274
-0.7420883612192766
0.72348540893973
-0.21100141404919015
-1.50957338718955
-0.5817253329780513
3.747773702452182
-0.0616681695958888
-0.8811078924702288
-0.7073082559609423
1.77336249420309
-0.8286596123391224
-0.7904918451937504
-0.23247867610191628
-1.4947421244976553
0.47557773215205884
-0.402417731911441
1.816619018875705
1.4168184228170186
0.8530994858778072
-0.1189401698342221
1.372671922100519
0.8902134257955923
-0.7468927043476635
-0.46204646824213186
0.21610984963845414
-0.17533988246972126
-0.2540329627759614
-1.184606153726474
4.311922279942451
0.8953012314125844
-1.3227266869887995
1.0926580193901758
0.5397267965926917
0.16510241835371847
-0.5188207391003603
-1.825375186975612
0.9534218700549987
-1.0666971614703225
-1.653636576828562
-0.5280365039600108
2.0566307516334468
-1.4875757672132282
-0.6682193131812125
-1.7043440282670266
-0.6260616474162491
-0.4033047199325139
5.661804181296395
-0.5604189066927939
-1.5709701500364468
-0.26093862163099274
1.1724609272336257
-0.20782153212946503
0.7809967039802981
-0.8417873940278082
-0.18918826193888685
-0.6020146139015704
2.3214895348150604
2.268716579962835
0.7040387402753904
0.43084946346061925
-0.16772031268997717
2.247863170631381
-0.9919064539394842
-1.0974096761306331
0.8688439421344897
-0.37479855412393187
1.4916315142456191
-0.14623609752847472
-0.5385644737702892
1.3680999711372421
-1.3433920476698464
0.25874368440330475
-0.45878372576730236
-1.308670509812231
1.706054589302505
-0.712070172014576
-1.6881020391760877
-1.3593966552895431
-0.3549331414795311
-1.3401155324814003
1.2361683520905185
2.5254184727290885
-0.29397613879307005
0.3527727513385919
0.546919341752732
-2.1447198738275985
-1.4735182093049464
-0.5929539848233168
2.313645441537987
0.6226885276337093
-0.3379065598802277
-1.5543821469735812
0.43162973646959624
-1.6984783014736664
0.6599121210561121
-0.40797022986100306
1.392565054322342
1.4731658840647222
3.18126153333506
1.0475749988785497
2.070961437523966
1.4569605446610172
-1.0864632849871878
0.6267034006276044
0.5806386613681047
-1.2555597771764133
-0.6288862995660124
-1.5105845620065366
1.7829611634021476
1.6338604963927053
-0.38433592380830905
1.7484849832253535
0.6904289669749467
-1.1622410526104767
-1.86284344156451
-0.8081571280858314
-0.2193208080039529
-0.7332651514055294
2.2070143287973645
-1.217212442625894
-1.0864348306328184
0.3349389507843083
-0.2524781297380399
-0.8994455720859932
-0.6513532360460561
-1.5790679689372542
0.498036958982055
0.5620516048015731
1.4254440920487255
0.7804376308376243
0.3257532547467571
-1.1178944231025147
0.25820618801512774
-0.02751460671276277
-0.04017675084401867
0.9730777345576421
-1.1770510533628091
2.5839798358548878
2.1122754680905147
-0.6624749303661445
4.211312179071767
3.087091298893445
1.0545103627493524
-0.4678142567760642
1.5542092662466653
-0.14163252025004022
1.5579967647205841
-0.9664196255782845
-1.3070493737381312
-1.8641652201111514
-1.8859125813469972
1.0157410884072389
-1.2812114348095807
-1.7614289544425084
-1.1607817620450187
-0.3482942409185707
1.591684888100666
1.6420039169164986
0.625242527988499
-1.5808758006918382
0.859251428181288
-0.045636276240732514
1.801597719541778
2.6930740329698972
-1.898944450673399
-1.287271410274338
-0.8055571535319446
-1.1834132454777888
-1.9200183954811305
-0.7867745390114644
0.12800311125657196
1.5890537746220919
-0.5987603056567552
-1.08107600514254
-0.7024771909759413
0.9064180744466135
-0.49501753984053576
1.637564159341609
0.7131164028408936
1.2185269915636079
0.9240619816267243
2.0277152877858566
-0.8672967509321359
-1.025220856322676
0.45246727264444636
1.3258938805594238
-0.22499208210622215
1.9677231427876398
0.3489739637737314
0.39477873202720626
-1.3311195444216979
1.058300574941647
-0.6855633978496246
-2.0421310331315583
0.20570689737894066
1.0143429842102325
0.030374762672117184
1.140002958174521
0.3487740643586868
-0.2736963874521995
-2.1956001650761356
0.45877550738937384
-0.5674116998402314
-0.02822417907450176
1.2571910350556201
-2.502313874726884
-1.0947912484695714
1.6888006551061845
-1.7418220975754504
0.7955013173169826
-0.7318203017264041
-0.3728063274155106
0.5573160265602567
-1.124445096347083
-0.09918546356326044
0.5321669417743115
2.6552981895135384
2.777754201224053
2.5611627020589594
2.7303913124553674
0.3426266405831802
-0.10287547752669582
-1.0143013371689011
1.824068955720345
0.7364205235233159
0.14399676663849834
1.8893998393630678
-2.0584757942152145
-1.8531243426589263
-0.9857141234302041
1.0765064032134815
0.7621569895994836
1.2944894309774613
-0.5686407557246466
0.1902360606785918
0.24005671056983954
-0.21912038304874898
1.03477359115137
-1.8782827623595126
0.6930432552994721
1.0062788048899793
-1.3099593118801347
-0.2950972098287632
-1.8283466442690761
-0.36235157915801836
-1.0168051925698114
1.9886156852190295
-0.13335371256308814
-1.7665142354529624
-2.7309695351718584
0.42499467950715475
-0.7708036834347929
0.2814901168673978
-1.218997868970706
1.6853114688137536
-0.5741841089429803
-0.9222356990404793
1.4754265041915637
2.184702349109354
3.180760274877414
0.2893834203830268
1.6458766761973178
-0.49911731878764903
0.7980699887384897
0.4557805661591559
2.191476924059539
-0.5901847030272179
0.9669979611000326
-0.2231266676291542
1.9157527476865313
1.1535722068332548
-1.03739925424889
2.0122507151230957
-1.8175401945249468
1.7196889370134372
0.24355058142958877
-1.5597971844939043
-0.4220342644291502
-0.3896617527960312
-1.003269088451656
-0.032439284207265356
0.6964868016711817
-0.08883716740438036
0.049112038647578855
1.5556856892978854
-1.8214184586655915
-0.45121992420775414
-1.0137067117706866
0.5794153983783461
1.1196727238431299
1.6423528353060142
-1.1357950988733891
-0.5397732006414887
-0.40730888369995283
1.8208606527315723
-0.18586033575014266
0.9925783102006998
3.1117655119379077
1.1413344604134688
2.6337277296044768
2.140189880465661
0.684744290961293
2.4384475950706874
0.8931747440191614
2.096028427592974
-0.3243684819620563
-0.7467746238588683
2.6593197549427323
1.0298985726895713
-1.0109756908365017
-0.5435285358241574
1.5609668384417934
-2.4401889125521974
-1.1868672474262947
-2.1198448199634465
1.7666207502743325
1.4462015126749244
-0.4676643407765106
-1.201879680182374
-1.2959251918769774
-2.332466645834314
1.3338740717804762
0.45827339012136453
0.6294856390162804
-0.1059668411688416
-0.9670004928785606
0.17820655394067342
-1.758733893381509
-1.544540653455792
2.9417286663414415
0.8883791838820241
-0.3165251260054897
4.040782417599765
-0.308233058869695
-1.363052279089661
1.8243772329501713
1.5350267322581759
2.951270372188732
3.7965566267432975
4.455763933411428
-0.0702758593706248
1.3671360323417698
0.47872119590324763
2.2191329928588677
1.67994473161718
4.776265928752042
0.6383061552695382
-1.7602686904641753
2.3771384097003314
-1.6227213771465494
-0.7345287356413298
0.5784207253395535
-1.6621117108101306
-0.7478030447086939
-0.5962272693912672
-0.3191855527821886
-0.5012744040415611
-0.7815812271353851
0.7272767719894697
0.08982410934707388
1.7513172954770575
1.119202188173851
-2.5013661031277086
-1.9119833217574496
-0.8552313193495993
0.4138908859578597
-1.3442478098810382
-0.9902969322221503
-2.003773480268171
-0.01925561845441439
0.9147887485250881
3.2482083452276482
-2.712225099589382
-0.1629795215310777
-1.6900563664541455
-0.8390848972181417
0.7198061242938611
1.6576547196889808
2.4998662632603317
1.8509133676054423
0.49522159334890486
4.758372755438396
0.042442955365004933
3.497144378666663
0.6636594404277247
-0.6393811978848551
0.8499970146953547
-0.14302800935199184
-0.5273905692812854
1.6806152279586963
0.6203521220368221
-0.8658287605211711
0.4574234255111868
0.48220178457697227
-0.49825069091774926
-0.4482368930027644
-2.4211512756238265
2.0829554426029144
-1.9503593906629206
0.32652446352940306
-1.6067121730804141
1.3683623375649876
1.3030694369500608
-0.5824370264858775
-0.030684985772669506
0.6472595600805642
0.6302709631892923
-0.20723538874021563
-1.6823793200825647
-0.9548251731551579
-0.5011125856483291
-1.7581534410639506
-0.1256058145147847
2.556555326586678
-0.6074716891277301
-1.9742495610112807
-0.17124529241734193
2.3701458783606824
3.5777842793814005
1.3886868399230892
1.157220047355643
0.5318273243288989
3.2005543326693813
-0.38195069633761614
1.455220149385521
1.5044356404519557
-0.0049065092109540276
-0.5627887058782112
0.5965965034831888
-1.6465318389094874
0.16213219150136945
2.0766860300478656
-1.3733998981382087
1.4170983822516885
-1.5755230991161389
0.4107416904998727
3.406824382458169
0.4585918385274416
-0.656836078978576
-2.9094679544604634
2.8747053134516753
-0.6232178737408067
-1.1735219760770919
-3.302032094626263
-0.024937345071927894
-1.6414589185333555
1.9061212445183073
4.039965136125375
-2.1589388198417656
-1.0419186332177945
2.576333202655763
-0.24532678746108558
-2.114567423702679
1.1971106732016414
-1.57662966288036
-1.95920512791493
1.0717866061135564
3.9968879862856483
2.3444582401493728
3.329149291491588
1.2971317796539348
4.942688671813587
0.5883945126512637
-2.194778264630796
-1.7711857840393588
3.227213278366891
1.5449249660446527
-1.6372684691304817
-1.7503921987353392
0.6046793985109439
-1.159613212378892
1.0849446836507668
-0.9124075199493131
-1.308036275878268
1.5946073955223257
1.8050810114196378
-0.3693265567714349
-0.6112453392681906
0.36308592397342043
3.091746349790884
1.5423568790199373
-2.117631621581878
0.5834795695292981
1.0302008060708028
-0.07876989574621257
-1.0903702334211653
0.8428694757160367
1.6778050999822585
-3.221170263026791
-0.8147650401093762
-0.44067549646752857
-1.0561206362501163
0.12001834660591794
-3.3462285398501335
2.246255645188645
1.6924831518477221
-2.888062609911716
2.4019479624831312
3.115088773156722
2.3980774065396524
0.2924033723859577
2.6043203456965007
0.19758471255574592
-0.4852683187156191
-0.31819091047842607
-0.7659014826835343
-1.310811948353028
2.695624070574175
-0.11704358969006808
0.8739838915234323
0.04475592341993752
1.9798903025680314
0.9888116572005151
0.5091076106768943
-0.8371344386300035
0.9333340807103621
-1.0191477513880893
0.9488754214760404
-0.805279965578955
-0.5882480027269361
-2.2418001204026563
4.523108608370699
0.523597683299706
-0.56535467834624
-0.40298850776270845
1.8326773978026862
1.1150591498733424
0.5220069400229481
-0.5151863911909945
-1.2925122293982632
-2.542481882705486
-1.8604097733221205
-3.219026758808388
-2.7261197905602472
3.2879289115174792
-1.9227584355982634
3.167050299655019
2.899155693280458
5.585754201245687
2.76595912864014
3.593798885017004
0.8618367082932353
1.8555180451350957
2.390872315007496
0.2125897203084113
-1.0441742964861875
0.9441139705625397
0.4424989122334978
-1.214472347236017
-0.29184152162416943
-1.4554412812386976
0.23151167244365342
-0.46509592901638314
-2.1945221148108236
1.706906967858241
1.5257173291057193
0.9049308513032315
-1.9862929480748643
-1.6866508700114964
0.6112059694130042
-1.9411936211445107
0.1225123948466786
-0.007678477202728687
-1.7910109037178872
-0.05409425102372938
0.13137379789239959
-1.457590376717256
-0.18758843242913326
-2.6117410186048446
-1.2231049269876957
-0.45227288483452766
1.4168122983874507
0.6541572235766683
0.22131305237284993
-3.196129600629383
-0.6904867356805241
-1.0865398255478054
3.0311610004685914
1.7235892194984022
2.3757352212662846
3.1286039981324385
0.47166599354927563
1.6246500551342602
0.3347041699107598
-1.0778594893342033
1.9592420679537021
-2.599808402185715
2.9451807759436734
-0.8079027657911246
-1.2157723050733014
3.627244325984864
-1.6851493951236203
0.7141622899607433
-1.275326422823741
0.06012998812977867
-0.9938303040517357
1.6013216981047935
-1.6146396881834424
-2.729128153784052
1.5048292076350211
0.9878615910192757
-0.987364619338393
-0.4289689907692413
4.835783417297855
1.8274393945768634
-0.2740553313946759
-0.7173373242198937
-0.01958246510101776
-0.981544529103414
1.0520515001228714
-0.9294951379741788
0.19998552252561363
2.1468812418128698
-0.8665636910922092
1.06865252880064
-1.2381261470329086
0.06825685961617853
3.598760443693419
1.1958257912345134
1.8142928173919717
5.147583746324284
3.3262761012627657
1.446213735927035
0.4556089350386519
1.74269459852392
-0.9308403144230045
-0.27648347623550296
-0.15445174784341645
1.9486309993891984
2.137054068781538
-1.917231484557109
-0.7501706030735726
-0.4789247942417328
0.5745214687598286
0.5299938272900498
-0.830106830933613
1.0810175913846114
-2.8458899081537856
-2.3171678255251527
2.0558667547117837
0.22501563800741542
-1.1515012194129122
-0.0677870689392306
-0.153368596757256
1.1967539368297586
2.0880953013993047
-0.8909379155119045
-1.005452561073482
-0.5182293785241634
-0.38694761920346493
-1.8138085341843502
-0.6852576730868906
-1.3939342828941037
0.10816909603113345
1.2969053492507894
3.795446935154315
-0.6874193343278974
2.5489347601039105
5.125019973350492
3.084709362514953
-0.04075884686920961
2.2492521678306656
2.3851175608980313
0.4395746468335981
0.7506432953244849
-0.15920040373908875
-0.978298948237492
1.8210239002723365
0.04274391130876325
-0.7418199627736446
0.903988425299855
-1.091136915213106
-1.7780153379254593
-3.2702732127464214
1.7115905062400656
1.2487685847984675
-1.4769862329039791
2.110451195904795
-0.9766385236245817
0.2448967964219869
-2.3048943050971986
-0.15908642644312226
1.2716530584372459
-2.2709515332803423
1.3621450580939671
-0.584462812148892
0.42312813954743317
-3.55913612204977
-0.846185651738974
2.9958055641971617
-0.17781113932747133
-1.7805786746991135
0.9508253432345464
-1.5289135061550088
0.9002610007438431
1.243917861048596
0.9329171308585196
2.67782012384451
3.156790170906772
3.0818714658510524
0.9431746341769052
3.171800678649996
1.7164179771001011
1.0393207182110487
0.49050748588962606
2.4841752060332203
-0.7916048672957975
0.38079567598683045
-0.4820237326773379
-0.2618754670590221
2.1332940352208536
-0.549028020636757
-2.0279400362104107
-0.589065229010091
-0.024850464557400413
-2.3716160615585187
3.0919762991465687
-1.2216043030711645
1.460940205429835
-2.5224716510547536
0.2664482609227713
-0.006153542955961257
-0.8826529860338881
1.7407336095105488
-0.08923927713216835
-3.012548327907332
-1.9143768471809302
0.27782259469708254
-0.9156374001675721
-2.0825167837531997
-1.2982922103030945
-1.2308713113164362
-1.3222226844003577
3.8125924309875705
0.799045979976543
-2.022768312299305
1.7475507106954729
4.984786296076285
4.746801136736125
1.8262498335718917
1.8052615685078284
0.13189156714927594
4.09309461444463
2.7577346398676275
1.7744839661204497
2.269189123162034
-1.4718849933708809
-3.2468848249074416
2.3350813296932036
-1.1781970834880626
0.03261343826243603
-1.5330071453029042
-1.0564568809289308
2.655414481003953
1.1679886474660288
0.7442924849777196
5.024231800115351
0.6027946893069702
-1.4633586291139724
0.636017654982059
-2.209241807154751
-1.5253261044647617
-1.752501248107235
-3.7996633645800912
4.354427824813133
0.09029029154986642
-1.4958975196512219
-0.6160942903215604
1.3893104070402953
0.7848249825744186
0.8406669564252675
-0.6206089437272958
1.9761320454498204
1.1465068795681814
-0.9129763491910555
-2.9445618607253747
2.404661531896263
5.948761332059596
4.644867592367487
4.466011232182788
1.2923873154004892
0.12938047126259175
2.309823288983726
4.108812771327752
-0.39236198146837764
-1.8548040934800498
1.785859143844048
1.9771927555915338
-0.26307428667288835
2.1053517602637153
-0.8634193281727869
-1.2733795352809634
0.2849040392675954
1.8835923961198304
-2.6991836572127794
1.0724931108108893
-0.1463091998861812
0.12102404922683968
0.7481164872034829
-2.1525911995681675
1.3583191851881073
-2.4141371514194243
0.5854416171001801
-1.6859530754361134
-0.586936262330207
1.8423210772999916
2.64950567890892
-1.1111290980835267
-1.624246537004554
2.7664978125104276
-2.5694572505443563
-2.238840848401683
0.7085034305418696
3.112404967216634
-1.657375262823713
-1.3745217041075555
-0.12513954788096113
4.088910156382879
3.5002450580623345
4.643976932636587
2.514957378092445
1.2728651041107255
0.8094122647603895
0.6711174830741615
2.94671253897127
0.20608557504910835
-1.0046422494874487
2.3526853458606487
-0.6732792320396961
2.5655204633487148
-1.913666559478907
1.3719464782999373
2.122251110650197
-0.6172979332325944
0.2613422297826603
-0.8654649746964967
-2.8632994797680085
-1.1601582764184633
-0.2733436534151956
2.309267572584203
-0.8498525363533677
-2.250907382045719
-2.9414681331315378
2.894715713182425
0.5839699317440691
1.6244063878911437
-0.3499627140251669
-2.604281948245549
1.3547130188695518
-3.745956717749482
-1.0560879904628013
1.0888743209179435
-0.48586644167142845
1.001012273622227
-0.5960683890643557
-1.3467716683045339
2.2910780921510807
4.629390683222689
3.786986862679868
1.7116958578003085
3.976466444465529
2.243387569177393
1.77227830357741
3.258736570626592
0.9363706378820438
1.4368753460624486
0.7445955282208022
1.9864616441914509
1.8925218816754044
-0.9572288096099116
0.3841263182304692
0.8255546086225456
-3.1757614406835866
3.3569417885421102
-1.564966268400471
0.9631471739619408
-0.8263229607561168
-0.1629246775070151
1.8124626185452744
0.49024122124356406
-0.5888256964820141
1.1000189294714164
1.2695937129315034
-2.0376117564954606
-3.415750895316912
-0.3165844772924741
-1.1119253925049164
0.04066487350378952
-1.3426681525148103
0.3555607505623284
3.989178097834679
-0.6957911788019328
-0.9639574862035056
1.518487630521768
0.3535398175364883
0.9752666873544173
-3.3693783879847876
4.535553428149213
3.4882098899679415
2.27918959585608
4.985670524883659
3.404676191565922
2.9389465056171
0.8857120028380748
2.7413271141200934
-1.8832805471959728
1.5444315715709374
1.3847374926737956
-2.1933300589171876
-2.01514538965506
2.5044679761500666
1.4667111737156104
3.723554773457753
0.15796423352415173
-1.9323239393821612
-3.241389244069668
0.997722388003667
3.097731745304453
-3.237815562619521
-1.4533813911938727
2.9612293215643155
-1.1598033686509337
-1.4130039924773798
3.4262899604212618
-0.7540278123488049
0.5478866144775377
-1.8781981889909283
0.4300190093691888
-0.9667930502985512
0.15495794514983208
-0.06520488487109764
-2.4328994665031423
2.3674600412307316
-1.7828991417001299
0.8818954517837901
-2.611676324355624
0.2220537152592476
4.9420188764287225
4.179116533725442
3.9011268357324744
1.8188133980394114
1.1155556458456253
-0.6058935201477167
-0.20197402517117052
0.9494453823215658
2.3218847182548537
0.7244032904390725
0.6473674714214046
1.6909933684043947
-0.03010825621976346
0.8618126443721379
-1.4083367699499285
-1.5456713525701609
1.6082556598197653
2.4087934800786126
-2.8329908033697198
0.06165666667816277
0.9971854940923418
-2.9583537521896908
2.765918741173385
2.9358282767771353
-1.1551635985481363
-0.5113929716611517
-1.1560232108515667
-1.603011000342729
1.2674364026316176
-0.054375960062811375
-1.5895905256120764
-0.8427390271295908
-1.172787954288384
-0.7321404083369726
-0.8857750857883234
0.2958578952153762
1.7945989778685856
-1.8732471400301076
-1.8853097364096012
-0.7333847705251545
5.904576360703819
5.312292306728526
4.224145855728583
0.7897360533220471
2.1459863596045046
0.9298927166330732
2.700625395386781
-0.11866732669474914
-0.11556193497577044
-0.7496162176555864
-1.0239080148208612
0.6578873722965709
-0.2759474714104808
0.7795120133591442
0.4549100621351643
1.8345110226203891
0.2136234660554162
-0.6171709899520345
-2.6213666085806797
1.0356031558886374
0.34075991485682583
0.21777528996300613
0.20019389258927095
-1.1954070465405986
-1.9347771815355952
2.5620416675349067
-0.021277338343186784
-1.8558409988356
-0.5959785530837507
1.217189760820294
0.0086052589059168
-4.824774421218237
2.0033625985566594
-0.5785120131707975
-1.1111466690215028
-1.6041163512311198
1.9737478208212966
-0.8436311925078039
0.27160619618548615
-0.3390562815586013
5.793103837897784
3.547959157003165
2.7656107133350507
2.896132253712949
0.8698869117980879
2.268642840984034
-0.5359067081444917
0.3048042191024239
4.009011299647486
1.1567819210680412
1.1687042440641835
0.8544656738335304
-2.6436192288039297
-1.7424930389759348
0.8903594954492967
-0.10907269829913889
5.241826368825224
1.485521553486695
0.09857808503190177
0.9477603423199694
-2.545389994246414
-0.2667300340319027
2.8908052759838267
0.056360139572580466
-2.6953261388450263
-0.027886267812779805
2.8123033025307214
0.4257801607325125
-1.8000644785109063
2.158002052461632
-1.5486928016642163
0.4363969998992184
-1.0941327457940515
-0.579771208580519
2.5940408484756436
1.0870251955334413
1.302271285621501
0.154650459319897
-3.6833468717394076
1.6704919866640144
4.262712281210633
4.806622151872254
1.7508510498731489
5.028443710752379
0.921556254744311
0.9568462851015301
1.1051936149304091
0.7429774926211472
3.377592443807804
3.8398734729621666
-1.1164271737035765
1.3442598522457816
-0.9674161793203327
-0.9943519417864086
-1.6219509029228867
0.6403524446019989
-0.24814829941743755
0.9052370151705313
-2.873137171821116
0.029918292044753343
0.6710925424921681
-1.0147779638367647
-0.9799960276515778
0.32703896264095556
1.9804792622036511
1.5803247656862434
-1.9643700021769384
-2.4875494139266356
0.8870530484550955
-0.42806627757813
0.7747022154931251
1.8609472719584712
-0.5507574251440664
-1.8419520578857596
-1.9567731747039996
1.1604744937631575
-1.4089181848922978
5.432634548227034
-2.7449546557678994
-0.4191634594306322
4.201820193861494
4.405823649374151
5.510867100396847
2.6532933404047934
1.2696240776076386
1.859920565294947
1.103839615983854
0.7317541847334131
0.9636131760388701
-0.6037712378652518
2.274853263150163
3.1079851918832206
-1.1443811164016822
-2.7456676415316816
-0.5625920261834129
3.702729887206764
1.5128370761529444
-1.7947587540559153
0.3484123741349174
-1.8193790239615497
1.1357701095511894
0.45556421427009625
-2.377962723515591
-1.1876147935398023
-0.999375709656364
-0.7797556734440325
1.6055149934432082
0.6889241375023617
0.2753878852239095
2.1783137918599706
-1.170202149974252
0.34456775072497997
3.3362234939715383
-2.8109143209918153
0.6626567917048853
-2.129373936983403
-0.8604679220514055
-0.9646173046810634
-0.7091983814826397
1.7254973527921262
3.72093730456881
3.41593123648994
3.963298725676922
4.548165872184134
1.588000912160628
2.272153393633775
-0.8113712996034841
1.1228901772150726
4.776217020951761
-0.859070987735381
2.384210535999193
3.059386491080547
0.4671405555419601
0.08448891281592433
-0.2749613682959232
-1.2739744197551588
-2.123344213040017
1.8819805499305757
-1.7173655156906455
-0.5167081325892645
0.30357069281776805
-0.5896649849513868
2.3415596716543168
-3.698402981600553
-2.8606393121215765
-1.2294589395866984
0.5756079480471683
-0.4555776495772589
-1.0558832459250886
-0.6429078088426313
0.823322333614624
0.5057758662869483
-4.101452322211867
5.8732148943065985
-2.436245321208076
-0.3904066173578019
0.4581328152295905
1.0035522999793371
-2.762472323804369
0.7161479188663484
6.364190290246676
4.411867757550764
3.337761369526782
3.2305879104936137
1.105953720114678
1.3764880813494043
-0.37520048917495896
1.1974569845793477
0.688273000429753
3.5555694783659364
0.35645542101495264
3.395013968692453
0.157543793844628
-0.47144345298445933
-0.9052108461467335
-1.3969561436827689
0.7962342327269885
0.8986579054129964
0.08675448610227454
-0.5485838059454827
-0.6797518479358668
-1.8085878558670956
2.154010861566452
0.3521863170660879
1.751581096807761
-2.786546842952917
-0.35279386173828015
0.13450061290168083
-2.713365844052751
-0.039590818764922917
1.365675370201691
0.0391233315966208
-2.3876120661900213
-1.7921658614190386
-0.35730003756144263
-4.1810318028331634
2.0995594094837844
0.6535322593993629
0.6036833047884809
-0.9292591563727949
5.056756178651121
5.889328663920267
5.513231056144134
1.8800226886096436
2.394692628754521
1.8945664207599657
2.7895192923297234
2.5678425089533565
-0.5870163843327373
2.2151769452854495
0.5053865698073439
0.2869762835977231
2.931548290217168
-0.7770624574706416
1.2119056396090884
-2.64758006821124
1.6287527496554584
-2.0664109902865095
-0.687947021861862
0.5325017096066449
-2.425131620971357
1.1355802241538497
0.9532742613369964
1.1349087386622703
-3.3255579089424026
0.47958386230110545
0.4567011246225668
-1.3710224338143921
-0.30223907854659227
1.0284640904460123
-2.3654948670794265
2.642338350730354
0.7283059900294577
-2.1750976529692063
1.4908606515599663
0.6285141207165335
-2.0626127122381286
-2.980376187184245
0.7587664398647903
0.19321127509248492
3.5906428591996367
3.644065140780865
1.8956713269796557
4.6881788540224285
4.0620993926341775
0.9947805633008637
0.7837874777314251
1.1967002868727195
1.295818149235093
-1.0841376595899048
2.165559807314344
1.1397897402355037
0.11309898309206347
3.6441311166104042
-0.23387376905076782
2.0905178504751616
-3.1672414035281133
1.7737594690012537
-1.9867561963949347
1.6124353627103356
-5.942345507118906
-3.730502590574526
1.5508488517737093
-2.0479800264002663
2.3307794196867753
3.9055241438153403
1.335895720001265
0.18012413707176553
0.206401562868037
2.120890028866426
-3.9695995669461164
-2.8651385771044806
0.8107110304923502
-0.8475262942036333
-1.2823699152937507
0.14281648655398088
-1.6828039885389632
0.3425220007737528
1.1208199808873627
-0.6336102175252867
6.762806863189646
4.120227878428225
6.905823818492006
1.2366888342220723
3.257606215038385
3.5474663248482345
2.1156960361494974
1.5698427370834738
-0.5421549943873786
4.480150419574166
0.42695837656013624
-0.28586765799461933
0.4908233966164696
3.055360408779521
-1.3866234446241235
0.6480357174359149
-2.154302657958382
0.46810789642841294
0.8897252515360976
-0.7330551686582298
-0.1489129611730009
-0.11690743973084887
2.2998391401192
-0.15047426706857642
-1.2031325631824057
-2.1239942572678516
-1.8134752787885557
2.8240163264926306
-0.7424370245052232
1.881549249158366
-2.3925718431406993
-1.5790081398557867
1.5475659846123846
2.3999405687332613
-0.7746777004218636
0.37405845988201647
-0.6754226985323984
0.25665358913693626
-4.475467147468399
1.1800071875262153
6.039641568438121
6.385161919579113
3.396245476053682
2.616382179891241
3.212370859136719
-1.60444061812234
1.635700447510573
1.959195815197918
2.6967384270465353
-0.3679606796014316
-3.2603661306740475
-0.7163854972459884
3.18129666048996
0.5853021526860989
0.3219272691551232
2.6102735920809157
-0.14191865390843078
3.1132323570924707
1.0237252616027066
-0.08369508481196113
3.4373864800727048
2.166569136112609
1.0866397916120736
-0.30813305390610596
1.6067629914478037
1.401566952240849
-2.319028828916043
0.19589990278449476
-0.30401532065683157
-1.9359078870977218
1.2917699400495721
-0.7005693334502499
-1.1667611059697598
0.34524134605124823
-4.161243796607111
-0.4813211630028718
-0.5766913718416413
-0.8446927203627456
1.2947860123789017
-0.13841026304010462
5.597684351944194
5.1135282757488945
5.2658641649352225
4.572260617019324
1.070840746877782
1.847220953484186
4.0553996479305985
1.8357375128772766
1.1314124790948372
-4.041302322730329
-3.971686501392195
2.867409910788192
-1.3214504883493425
1.9748664852756808
0.4151720856345203
1.7336845937873149
1.9771521236019642
-2.6301074082307525
-3.3244119756219797
4.020941999191097
-0.08045983110399697
-2.9033701272591523
2.7768152600031426
-1.409808754925909
1.3494171900405205
1.5388023177286403
-0.4071685829778398
-2.7777601061030253
1.2849872112461185
0.4091116419798866
2.631854001578311
3.26137394006943
0.17306738353004267
2.0600270634088145
1.6314092397248852
-1.8020370158071874
-2.0939282829309844
2.2321696183879105
-1.6471647550320818
-1.7186491156342905
4.616110814959347
5.423637245162876
4.309052994147062
4.057533340711469
1.7840418913099787
5.350776708013751
0.43251293265707474
3.666475051595298
1.5392360628270667
0.13791902276990892
2.7997095776381467
-0.7995898702884924
-0.37661193686240746
-0.9007338475163458
-1.2449951213943602
-1.498226243052314
-1.132396030354065
0.6536782017437945
0.67627243538356
-0.34505241540062753
-3.384982853171151
-0.8221312960991946
1.3576428257894435
-0.2651502668202202
1.82603349947213
-2.14113209494703
1.8206584370624064
0.1831281218635918
-0.9224179231952601
2.072547501671776
-1.6091320897533041
0.6201676332217099
3.479262880527515
-1.1835029950404476
1.7848808125409648
-0.875556663384527
-0.002333781132426111
-3.2666239112570343
-0.49451374438232665
0.8013103998564737
5.439447085135656
5.035339529931649
3.3463533717161904
1.4597035507978675
1.7444455283061047
2.9500930068774207
3.5317798439603316
4.61934187550247
2.141727238772963
-1.8841247987659273
3.526519922483385
1.911102998378364
1.3228347226628783
4.64679372958045
0.39557594954091246
0.9136738470542912
-1.7603468635824813
1.6407617803856098
-2.679908508548242
2.9013543622708258
-1.0270836692510714
1.92939221571869
1.5176400158965373
-0.19277937458677138
-1.7355290288373846
-2.1283725052324454
0.3485491248151402
0.7051571003921133
-0.401882606984585
-0.06167324933017721
-1.0404405662382734
-0.4783401440928208
-3.7447241526805484
-3.0117255075945386
-3.2958768947718835
-1.20262884543136
-2.3457335337487146
0.5539082394544328
-0.8617867876056048
-3.5545926571263586
6.275483179896395
3.522446513063075
7.255734753144006
1.335827438273679
1.1044405253551304
1.2444492348309437
1.9865927531390815
3.0705020408309
0.7741254836860626
4.215130603237446
1.8934700987772006
2.6507012859777577
1.5827368232576304
-1.0923311495111911
-0.9734615278965073
1.2159594375110316
0.028734378463066604
2.37015508236647
0.2980418741303558
1.2622269307103555
2.304308274396383
-0.5204158094051999
-1.1260419174669933
4.872074324138976
-0.20143279321450314
-0.6667374155708479
-1.7513322558211741
2.4255927443035836
-0.027221702753432057
-1.0087285783689834
-0.8056980387919107
-0.2771945100331907
0.4273068266032103
1.6691913711952089
1.78972589070944
0.6158848010283332
-6.892239447332098
3.221947611377716
0.40671129402170164
-1.1517626169417552
4.95452193072883
7.317884663100598
4.485962274320266
4.965619400282894
4.80287860454484
4.060269584338247
-1.1945605608837109
4.638597848273357
-1.172947847473206
-0.33006176649618896
3.056341319820212
1.3021161944541613
1.732691469545761
0.45970605415547106
1.8245178867311997
0.874577912998392
0.7998763417515183
-0.7538865480556562
-0.589407049286388
4.628863382904601
0.1399682360147492
-0.6852247346879073
-0.20108744330789727
3.656270176988403
0.03983265227996344
-2.6126460429037177
-1.1282265544045549
-0.19001911385973175
-1.339947850347976
-0.691268004650264
-0.1798457999277864
-1.2959154316442985
1.82378285745797
0.6428654506370465
-3.8073607487165226
-0.5898857394309576
2.6484041592857057
-0.13930097073267758
-2.887213049719382
1.9272630798425663
3.750294672629775
7.698783866195806
4.287575484593761
2.014860996316831
0.4444171594073923
4.152784667697126
-0.39891599984869547
6.318470830553105
2.9056438700171547
3.5519288352134306
5.471338930000079
1.9652673294987495
0.7134823900105346
-1.9028948909819132
3.4454463723699003
1.4382390558647338
2.525070626711365
-1.2028626306412915
-1.0113105044684623
0.26652515247295266
-4.536972717805453
3.485154875733355
1.6061379791823736
-3.793090771391973
0.6341974231226634
3.2381490786860523
-0.3657950218857732
-0.38222123086554327
-1.6314829747101358
0.44458040606970123
-0.6865600871277608
-0.08082894334947333
-0.9496526939748355
2.461260069859555
-4.71402338852059
2.039884542028226
0.2098509013214166
0.32835198296225415
-0.6973396568168434
1.0405233184688782
3.13999299925732
6.302510279716954
4.665304512992507
2.9252560065989615
1.086519410394168
3.6062955288159086
0.6167774604015944
1.7696011033508119
1.0792931756748758
-1.2514077304551108
3.6623467260354827
3.17931517040694
1.0122701634354103
-1.4873307333451598
-0.45779127878099507
0.6714711157297111
-1.094000726444818
2.171821075871783
1.2053971668710395
0.3544585907041399
1.2988166338091685
0.07655154914012952
-2.5177724147307226
0.8124137940647547
1.0285782007998698
0.24364157636595837
-4.2572721142262075
1.5489615605135099
-0.20346941962828624
3.174176372647459
-0.7070017046800999
3.0094619378178287
-3.577753829623575
2.186562162233093
-3.2952298884070554
2.010337116462058
-2.6829139681376954
-0.6080525443517037
-1.1916959521042017
-1.4553310781375959
5.595057719744926
4.644011256981573
3.965858239829371
3.0573779034508486
4.3817041394878
1.513904623679907
2.7865429021390526
-0.0479635957776768
1.9381329839464154
2.938462533618855
0.9856294538630286
3.8268482640958896
-1.5184267747732334
0.6447090587504665
0.3375655745988488
-0.6784295678257133
1.7924032072545584
4.193345841450472
0.5091212163922924
2.633088141176171
-2.318210084634991
1.6405503046875354
-2.2697103826292895
1.945359091907323
-1.7785611095547587
1.5734895858807112
-3.9116905476392505
-1.7716816449285728
1.4817702798441093
0.1909094192783457
-2.0414629491113074
2.0556225210429093
-0.09804788836193938
1.3091407282538852
-0.02425161104226686
-2.2928909419152683
-0.8007252665605594
0.6464962180661408
0.4169112198886053
1.8666034258379927
5.786695940944766
6.1162584896814645
4.67715577676472
3.6367085109945845
2.5073050400604515
3.3934941714438884
3.2219540589856233
1.9342953926426714
2.9057024318260467
1.5071191828771693
2.509282398507078
2.491221610829373
1.0814194362211973
0.49252394791298026
-0.2711539738345857
0.9196280003268061
2.721102257966807
-1.0971782776886971
-0.046442890596922554
-0.6504535457001368
-4.845388467970722
4.754470555299659
0.12715578897243085
3.0893471662646315
0.09505178427737224
0.3710998053419869
-1.8060149247474953
0.9981566798205688
0.8224260808883274
-2.9546905441602425
-1.7837511998071016
-1.6308557820659277
1.432028675682306
-0.680109130565317
-1.5581257803912323
0.6845682605835364
-0.996798116042703
0.3849805735040859
-1.5221550161866462
-0.35971566583638903
5.458903680309649
4.272591481547082
6.327597907899417
4.732637631989285
3.2748931867587463
4.3094918977458425
1.8773041076622183
0.8911725341834514
0.8591476652371312
1.5991534187967935
2.0261271308771267
-0.33055120489818024
1.6610278482166791
3.192495571745588
-0.16180936711349864
-0.8584017796378259
1.9602245773960199
1.9076070477783251
-1.1935327427397444
-2.9846445398702524
-1.4719147330583637
2.9504252885455706
0.04748682376728925
-3.0832478398220697
3.532725803328656
-2.7787108666528346
5.592017745613329
0.29954438955338514
0.18567464446680243
-0.5187237020147089
2.3442329112148235
-0.3437270662159858
-2.4186823283603824
-2.965671530996223
1.674310781911218
0.8841570885896185
-6.307087930981148
-7.295149435904469
-4.616977878107495
3.8616035332592076
4.2245457845771535
6.255937819046321
2.900552010322669
4.771525132249029
2.4197780288267894
4.988336747860298
1.9387446536446673
2.0207490741632044
1.4709862584991331
1.5404106461511258
3.3932235732887137
1.9207670834792794
1.4108438783975898
1.1857846234999108
1.3151980766971625
3.557969475996877
1.6051050786924397
2.8184914616150585
0.27025480502801863
4.31303407426199
0.859137487799639
2.937717049619042
-0.4795807965303161
3.368771265690265
-0.5147043838484201
1.3334642776560681
-0.29717194989960855
-4.1411436749375925
1.361425328356706
-3.9623370005835885
0.7919891239818375
-0.7807906177346156
-1.5656570373129808
2.0387801622723307
0.6693538216960674
-0.22693456277713198
1.6687517843843376
-2.522866765074732
1.3053651585205603
1.3651412282681024
7.491108653988292
2.7654290680771543
5.908467006539231
3.705002768993414
0.4575055637303585
3.747701817007841
1.662580961276474
2.5038323015543957
0.37153347873202963
3.8118603485289713
3.0306319289093726
-0.2568206239514875
-0.9675635686000337
3.3614939253624074
7.583472194213854
-0.15865224373944034
-1.0866618932061893
1.4852314553247894
-0.9355279586885099
-0.1670637819132312
0.34639276517042206
-1.5465998509544772
3.4199452144999576
-1.0316014082242864
1.228232206546322
-2.7286557228637176
-0.9092841264286149
-0.981167291635704
-0.6518629464812877
-0.23544357600482227
-1.418613693249578
0.6743926000406141
1.0527207797192866
-3.1711126166589243
2.584246761569041
0.6316141799483471
0.941991141766682
0.34364019959293884
1.2348785433840548
-2.3420175656746465
5.955023790852061
4.2202372271298385
3.8787279952265394
5.451219376083436
3.884138684811882
3.5283722475524084
2.055748272417263
3.316944173370899
0.5398863983396932
4.204991475932046
3.005034426834875
-0.9320309818983303
1.810694596757862
-0.7240788809529219
0.8770552428861395
-1.2715599213632178
-2.1360059450091895
0.13839987998399306
0.8585313485130966
3.415422256009237
0.12187129072008725
3.655366708556459
2.155155332419762
-1.1435091961885937
-2.3820947252720313
-1.157340468046853
-0.32427429611819025
7.213567899954802
0.7929899124909885
1.2955646667661203
0.19420502153947883
-2.336331207966541
-4.876215804605019
0.8486378611679495
2.998552569556351
-1.4243327334167868
-1.05295437762609
2.517665584965868
2.750102087043937
-3.6242225136253112
5.7269373720022605
4.023282826853634
6.7215432387011385
3.902736651209409
1.952348672463162
1.5794833442129244
4.740546556324575
4.621925032585559
2.4647923933201183
0.6925194801165542
1.673026290023647
1.4897564475340763
2.1143328410564153
-0.2552217673978118
-4.5749640613484175
-2.5290049285681007
2.667016366297371
0.9517343902275781
2.8029239879914707
3.171178948847647
0.5318710621266759
2.897692980811182
0.22495758123637302
1.5116392718491283
0.9817619871446484
0.5784195444434019
1.2736196566050946
0.09882992053141743
2.32061441348251
-2.5353140646958066
-1.0867485308798956
1.698279884343584
-0.7459479115746249
1.533312757133356
-2.873462783558143
1.5377471827304752
-2.0999928898102302
2.0987952780320507
1.1705944672362139
-1.7666935530605707
3.8705320845682265
5.283575751888602
6.045109820063296
5.484124120227248
2.5240140298469633
4.805753180594423
2.0943516702662737
0.9991314378369585
3.6139605269341697
-0.4272586992167717
4.043990698328262
-1.1449420306749154
0.3810349646392999
4.361545488507841
2.7230486593416043
0.3406642517444402
0.6987163178804676
-1.1592587560866212
2.9780980312214402
1.0051620439283602
-4.810896085374725
3.013621790366572
-1.7717209622299188
-4.819478634821941
4.4412826823697635
2.26122747629769
4.33258227809537
0.3158983696207747
-2.0693232265412145
-1.2084976713021203
-0.7370377366809239
-0.5766162342377529
3.2878757893093282
-7.467713393185793
-0.8515910608479449
-0.5552351139159821
1.6548196335300944
2.0601260607936767
0.916842369966153
3.6005770580213157
5.959469971996788
4.9735275862968695
3.968625700611359
6.219666389580567
6.155355960309317
0.6780063944723745
3.9580080907879855
0.9776407176711893
0.6787600782209761
1.3114112408404046
1.8858847347062389
1.5610022737639646
-0.7214842934235565
2.088691039138385
0.4083060860709504
-1.7573778241756925
-5.450263116008759
1.7220022077321098
3.385620200530444
-1.5967796704139348
-1.0506840009203167
-0.042459747849006135
1.4811202639067271
-1.3919341563036554
0.7575772363227116
1.8417513711818507
2.3090103398824118
5.132632684888992
1.1751204507160806
-2.7527736996024004
-3.7073863927445077
1.1966759304774286
-2.314482572116552
2.248887813825753
-1.6450685006638106
1.1100067147763124
4.001109233580766
1.3825153200025357
0.255612124434605
-0.7313575146074535
3.8595443981303252
7.986661505716637
4.370164386901535
5.4943127568204915
3.12554285721673
0.004385031453698048
4.487386634624058
0.2309105292812269
2.220290506479355
2.4348856493252913
0.3389645058699275
1.4416016699697691
-3.121529200959266
3.1148643935659353
-6.208575859715743
-0.8427401153200249
4.843150185611124
1.852213398056803
-0.5382429848362206
2.1212941210060143
-0.274131270466896
0.3062534191791026
0.683651073818165
0.6707873476340424
-1.529006441896671
-0.30376905148716604
-0.8856759082402602
-1.5885796201947644
1.0826287399057384
0.33320369430876146
2.3011277080238175
-3.6386592594231444
0.7156610613602595
0.14080880798936893
-3.560319525234846
1.5839166777088984
-0.032454480988793874
2.203711072734866
-3.2199155061276903
2.159122143045449
6.6322017130592466
6.678181229699938
6.844072313479018
3.8346540181381314
2.325644000421309
1.3165648058488284
4.089126892355714
3.504791785433601
2.1223136896840495
2.358232822626599
1.7810195822875892
1.6422020830056518
2.3718227434805286
2.0724010647969533
0.6887544065494835
5.054614770921183
-0.005876154934243005
-0.17866857759491586
-0.4441624470312272
0.6295941872880281
2.0740070616758564
0.4086364696756659
-0.04977434484246942
-0.4009874486101794
-1.561640025310552
0.5323993230121548
-2.070917452149676
1.1607768391058868
1.0760436812199918
-1.4135542406825001
1.910525676102062
0.9136506675819018
0.5354415399748886
0.3276496979613003
-4.257975680647433
1.8699455666659064
-0.711435648412753
-0.016720938977048717
-2.51082201736182
1.909779919392412
3.5011533219341726
6.417645579056356
4.786517906924693
3.314543519794745
4.5515264860764395
4.229362807636843
1.440647607313627
1.5088040502214004
-1.7673690081247988
2.6388838823620024
2.769658222554114
1.0614729476311624
0.563236632125662
5.265872330472055
1.2397984230042476
2.7730905471016154
0.9379154620064105
2.573966708071389
-2.538035404293855
0.12103456527531989
-2.392289737793021
-0.9315859848803432
0.048224773725466095
2.721808154845493
1.4294835956167609
1.7087253200944927
-0.564272558290998
0.2669140983118741
1.6348141185820204
-1.412180139384216
1.5777162469475643
-0.48753605939233513
-2.0324081129286786
-0.9391646290627709
1.0810963400561722
0.5678159962434256
0.9922720025062968
0.6303350237028171
1.958039147748129
-4.669921354555097
4.7587520809683195
4.097983907733535
5.227142902950719
4.745798104544557
3.955757798267314
4.435709428702817
1.6978978638396802
2.9783430809417104
1.0843370120956242
0.897727451671467
2.431963089631876
-1.548863366149977
2.2888763014768436
0.5468734675642081
-1.5525657338360035
-0.4049349554421112
-0.16261103969299576
0.38676357677906187
-0.2086396596587324
-0.24847940127553875
1.9246448225026038
1.6832674727950536
-1.387469234510798
2.3385407454708877
-0.03145829398181786
0.2224256849893959
3.8623758992748844
-0.3137926493175496
-0.7793100580802848
-3.1217828121932127
-0.4636767727470128
0.6982299243381844
0.5268043930194918
2.5650785240110427
1.0114520074331108
0.17464208498181416
0.10351524047878274
-1.0694674074167074
-0.8294816863854989
-1.3260352346369486
7.160018775305296
7.362593606892431
2.723085674402552
3.3714192551301103
4.582190028921927
3.602634494835931
0.8862021662252153
1.0171477571726923
0.7321449833641795
0.32582190201962496
0.018109357936523792
2.921214982185835
1.8589041466715415
2.890742030625579
1.5557443627102308
0.2541770929925954
1.5321586347428486
0.47188404898255476
1.556359194261587
1.0982366979866656
-0.9945692637180998
-0.756242082590109
-1.125574666186379
0.2532506975804613
-0.14576149441583267
0.6796777115198227
1.1085897812637706
1.8806090702886127
-0.47764295275158564
-3.1991569261742345
1.0917239618158099
-1.498969271395427
1.3052541585879986
3.3513740718665277
1.2595264209196935
0.6802198104306126
-1.8533040586502556
-0.03452681012250059
0.14173808920423697
-1.4620597728848101
6.521965781246577
6.690111849123581
3.3702368719196483
6.5890076780060305
2.986395670360111
3.2699743089565643
5.4415481314466705
3.010207892729218
1.3317495586757182
1.6156284213102778
3.4472558726413083
5.5400556477765805
0.18920247753406055
1.6151545853737501
2.7550938868212413
0.053397519785908114
3.3879172002708167
-2.8441156269908703
3.199762185283818
0.7033257143400565
1.7292267304037459
-3.9013315169687517
1.3132769644231834
-1.4376602742947844
0.4115938229029316
0.06668569522505868
-0.137764380847329
1.4074871234932171
1.5426374798420266
0.6457800172297257
-3.318208141117024
-0.10451936231534864
-1.5431430019499972
-2.322438874515567
-2.7367582786961693
2.027013279942475
1.1040361712323674
1.0992001210323132
0.12963555961142584
-2.029666488185958
5.932660997181173
3.6816399730380533
7.361643261040774
4.591656232393135
6.564925932321093
6.398991001251626
0.8238347707921589
5.710379028501075
3.8430251809829215
1.441352838779134
4.835458496510282
2.0045957023734102
3.725293774247213
2.801398885622183
2.4920349789444924
1.662399602841652
1.406635063502597
-1.877061473779223
1.172588005050662
0.24840575950920948
0.23843769621136426
1.7789981203349685
0.7648393800820145
-4.753472812317233
3.0868924133140005
-1.55555446550755
-4.112818159058673
3.1151106190498563
0.25147994141947355
2.4387905106643317
-1.7102615848387968
-0.48030109256819103
-0.17187293382780036
1.9810797743931134
1.2174716706898434
2.1998656777483245
1.122834037325214
-2.7491602975457607
-1.2579303580425698
1.6964059906321203
5.92808200170676
5.479262044402696
7.405603411358837
4.995924548776655
4.511053148042195
4.922776503196715
2.0348871849345334
2.8870883471139344
2.440877185099043
-0.8892586492709201
0.736273488621948
-1.129082737346249
-0.611933580948207
2.742020394246799
0.4682643463869933
2.664971170400539
2.993649862147935
-0.6569847231839094
-0.1542405867947757
0.17120730291374867
3.2223435951654817
0.7022553604718393
1.2289333424970486
3.614090936899596
-0.910660699002548
-2.3297835478268136
2.861396928436777
-1.9689024721582487
0.043202566432897584
1.6431414306699985
0.9345210841320677
-3.9098763295140686
-0.4606522513292343
1.1872921261397196
-4.097026082301409
-2.0177691633046595
0.010470867713183679
1.3092999990825642
-0.5846397062247642
-2.085809010815852
4.928084544776451
7.731532436870444
4.925690092254832
5.066978548323063
3.3135541970377758
4.15334330771172
4.026093324929355
3.2647801524399243
3.076625610438561
1.4276346196768073
1.0934198367370005
1.6040840569491541
3.4951515446567893
1.9217791088384182
-2.6380997105803474
1.6586154451636386
0.7063242260979705
1.8463806125537894
-1.3780682609521713
0.3788316307284863
-2.0613225187708397
-1.6284609589927113
2.60638560414295
2.462352467025818
-0.7998867944306935
-1.486856124970554
-1.0473774279926689
-0.047168318628035194
-4.987144683053671
3.2745749689907155
1.2826379798094785
-1.5504178396588277
-2.3879061796920364
2.615904435385892
-0.9634941887488526
2.0470559930768006
-2.1748448850266957
-4.524148189915513
0.6745283618408894
0.5039689257304315
5.367344980474064
3.5951244425733515
4.441246641880083
3.9225656818354637
4.090183458370422
1.4512465570104514
3.29805998723022
2.1108401747006917
7.626089785744563
0.9993966401517582
0.08378520556191847
4.49101545496589
0.5904796972117542
4.589361396999174
0.34436790601122835
1.060215368772413
4.1460261546392285
-1.8153396783914526
0.19457431736634406
2.6774798256747707
1.341638316879315
-0.5933669276584779
-0.6487539848258602
0.7970067197638087
-5.75688811415746
2.6305094430952414
-0.13099453476088047
2.824091775987405
-0.8659260035108773
0.5070459888752608
-3.4478459968115427
0.6202244564251819
-4.337365948565555
0.42546519158820273
4.080564582081299
-1.573276637379934
-2.958844888300748
1.319357792431369
-5.135166539401913
-2.648711569799755
5.308298698632276
5.3130364198623825
6.099343965396318
3.726423204776877
5.995501177125331
2.975041783441047
5.061437302608555
-1.098015459062095
0.9362122322191478
-0.5624810522731672
1.3751364363750234
2.2494150180669736
3.9564809250741675
1.9330958460656975
2.242081892979019
1.7739269779913187
-0.23590330914303081
0.2090353524718548
1.4455447249400297
1.0476405063630547
-0.34680783521381864
-0.26361400699159093
-1.0687125787042855
-1.3096512675861154
-0.7177695989750018
1.9884440096962366
2.344693454859934
0.510808354740122
-3.21745045926663
5.144999749009274
-1.208839637244409
1.5881444721371867
0.40640287197854696
1.6264727968925703
-0.38391219349880795
-0.30361057339599073
-0.34799054999581674
0.7234910291901424
-2.499898560830789
0.58040752098861
6.255735850562103
4.569245221912558
6.088911079159759
2.9380447696897702
3.744944919401176
2.080952885275556
3.2445358472072985
1.4360736677495156
3.6731864904772924
3.1480059346449827
-1.1381782678721717
1.1422333403604463
-0.8297140093800907
2.6581222226948147
3.5417402596373373
3.3493609753811944
1.2993351354591955
-0.04041554253868526
3.335995592727563
-0.1896850941877524
1.2378696881655218
-1.409640396063587
-0.5228006718346505
0.7409402635926463
-1.1751754457998864
1.9525030047084442
-1.172055144003949
-0.794963613328865
2.3868372321013527
-2.998267085488999
4.905499540275094
-0.6420729475271342
-0.2346098850048111
1.0576297597278745
-0.19681640430582728
-2.0099855205625543
4.643004732920125
-1.7778236588938425
-2.2628248586106854
-1.209825688774481
