7.91327684780882
11.64552538502726
9.391181663319964
11.18218992085162
10.036324030903849
8.833813803437792
6.945587482405448
8.739129717553121
10.09305230569844
9.112909263295297
10.779996367212137
9.361344594136524
9.113354280805423
6.550007123340276
7.168957870015582
7.9269183592769075
6.803642032409098
8.3604335067767
8.436845658407764
10.511991399072832
9.252492669939452
14.074905624851178
11.042315302657377
10.977921387727006
8.596968272002162
10.01879476241869
9.855515387125983
9.04911998661419
6.370407538513828
7.406474320736244
8.140964720660483
7.699568904350383
8.938781415920381
8.17410226129542
10.066363118232083
10.992230385028368
8.928096653417494
8.015104297871094
9.2533830686799
8.196281786314131
12.27697599865848
6.847765331357603
7.188137672600849
11.460059297215125
8.612445878709263
9.312683146719289
9.255305308881319
8.888970902598746
7.4821171203932275
7.393949937048157
8.426288757184972
8.093670405361172
8.351372149745881
9.703923984844943
6.84624810565466
8.181932663093937
7.960896417543525
8.45487801250965
10.041643524397623
7.846669754858911
7.96599337741471
8.766921487732592
8.253191850222425
9.122933310673018
8.327434545703749
8.966833064056303
11.031039129449317
9.601838564312054
9.669113903839037
7.316512784736993
9.702028927568623
11.701784968513351
8.218286446747072
10.090724099555933
7.794645740690375
7.990369368099085
9.339193147334157
7.519162200311139
10.136376514922866
12.531648002455652
11.720648576795538
11.495474684577406
11.257918212699478
10.769112801639109
12.180619218653518
10.517513342553736
12.105180633339915
9.680104937745837
10.631783620172554
13.905574374393392
12.220735123608632
10.332189984102056
10.66676277328601
8.639724804867264
9.889404596523539
10.237004190991044
10.742036111342257
13.266463949775304
11.82578130531088
11.749516196058245
12.542582615875459
11.495893695092905
13.6321345668955
12.011438662202934
11.14177412739542
11.548138891376391
10.970749727223955
11.464030201454815
11.10592905526191
9.902655051682098
11.191286449065439
10.70806669680004
11.046596859485192
10.372240661842802
11.321801468484379
13.39264077559476
10.938416499725466
11.998983269988964
11.25157566444827
12.300531842800396
14.2316749035849
13.872826889362116
12.27256571049197
14.002954612445894
14.986954714145002
13.312013870021683
10.979889649282155
10.989347025615569
12.598230788255433
13.329429065044962
13.002854273854064
11.557896727412219
13.497910798648391
15.304729389149772
15.654174003088123
12.469717743629756
14.740253316382551
12.248167541239162
14.488344447696344
11.22261534255584
13.201918170905214
13.87783340116157
13.669955824423083
12.94736494966393
13.715162429452986
12.725239274877053
13.882229136644703
14.396990168103565
12.090718054256559
15.245723086583135
13.991565441504939
11.140119633999984
12.442149914277124
13.273858394924357
11.57761366092341
12.226719934851678
13.200113684818795
13.643205392762836
12.090553745106236
14.223885946545414
11.797116394789867
13.31764381667441
14.312759980300015
14.825695948895058
14.805266955460098
17.694513378138275
15.679757941606864
16.17115352334214
13.885776827888684
13.127739963413681
17.0546658572062
13.933427597823107
16.51141267869639
12.526705769200673
17.608103478328967
13.08325139320481
14.031367820932875
16.77188470696414
14.74867392306158
12.356261892317734
13.449182444097959
15.87067405547609
14.086141302631969
13.487754284915077
12.291880025203861
14.775515629653018
15.250970719932722
14.784848366231763
13.631011902376002
13.203743732641808
13.78901299914169
12.83539683024304
17.803985347439717
13.415030601191615
13.94866420298154
15.228938104827234
13.695580335524843
13.19588322301402
17.762273226373146
20.672983469062924
16.99197650294949
14.092766278845756
15.350986542178962
18.83536953151398
12.42949281099491
15.132794860929785
14.306012571550033
17.411039368391112
16.54168598920357
14.955921864356391
12.692124899736605
16.43303899015992
16.32895665710216
18.03413651321245
14.954070791381076
14.499768097479764
16.64644551963669
16.11003224240124
16.83629523940997
13.960022757531238
15.701808196178481
14.749875241965013
13.097614376096908
16.199600864948234
13.930728473376984
18.41927441796578
18.74519575383181
17.682643726437117
13.889891802300198
14.744950351786647
18.98620685372104
18.486517476926547
15.17629969163753
14.002374818009855
14.892593485520793
14.509747047318866
16.66532721764196
17.454321962964254
18.73917930287979
16.76164208301492
13.302812869576947
17.68315659383197
13.50521513279117
18.098814284067323
13.614249098248628
16.752769400024903
15.212768950304355
15.308508777008552
17.96523248844296
14.82382300116491
18.121220703418945
15.918339929404796
16.007487036180585
17.994434243364
18.097905703978423
16.22618985488668
16.643065861002782
16.006087848529372
12.920088845743352
15.203319683840682
15.713807986760305
16.811993746920997
18.20574885188473
17.45120443779294
14.167495962766065
16.448900597605853
15.732237494430594
19.79434400183492
15.385165708678505
19.494545770639057
17.59595255937143
16.0511873952408
20.025475488433745
12.837260326204124
18.39435981238491
18.558568615558197
11.696807757832703
14.7323509659711
15.36268796085007
15.935452929384681
16.224062720689528
12.80191394127309
14.36723491612633
17.90451824045192
14.772548743428665
19.5375113579634
17.57188824311323
18.80724245043515
17.833875196279838
17.773294424468503
16.730926756121487
17.18131823513477
17.75004430829914
15.105654634963987
14.6665267506821
13.84408330638741
16.452067037379187
14.852159497239054
18.045834882505677
14.010197060559177
15.668198291618499
14.578559286312306
14.405999988760245
14.01397609997247
17.500209763866273
15.216950137710167
13.96574630222409
14.45591931533653
15.291185906493748
18.694534237049442
18.035604439601105
14.822417008315353
17.94456979864206
14.141171481428694
16.991175186696413
13.39494327748866
16.58475082485649
14.225170642972582
17.640251359932165
16.45415665164496
19.527958608903766
15.076318168123013
16.109009371414523
17.597088401186202
13.390891102009585
14.372182967449977
15.907614663879516
13.655821780353131
15.670486816825957
14.351820226757837
17.39281660008566
15.762486938381139
15.564137083185113
18.480111689750135
14.088188318253982
13.011116273270556
13.416020528367449
17.994790981809267
15.359585643934851
17.51239798583999
15.715046608641988
15.494746870675671
14.667520869568595
14.551741682709444
16.297463358628168
15.840189157176782
15.303708805898534
14.666803506077919
15.519323802838738
14.796357404907802
16.301693443018724
18.900300310871863
16.65539408790984
14.276285954452188
12.657496403255758
18.094099370007985
16.667408105317424
17.44885265118246
15.620595616308995
16.533088892618338
16.820071043033895
16.704492124543446
15.37997067713479
16.39689273842833
16.209540580220914
15.831249821637009
14.750026599283093
13.391284428878087
11.78039855045341
15.242776932375774
16.728160906001023
13.87914176412217
17.352824372710884
10.653613567817072
17.52288507774554
13.799129270955342
16.56951255223747
16.718583900171343
12.944459262831172
14.993620710167288
16.811905209535393
14.153029311906742
17.581244904028505
12.391167777741217
14.689641881917822
15.476585677630991
12.63836948683492
15.163777083312986
12.771770583507063
11.818216396639212
15.668701824300104
17.576995031892338
15.569097077459308
14.333499263093106
16.970194781293277
16.205777434799064
15.872587378357435
16.24645637438954
16.6138698321881
18.15285609093126
16.775758798420632
14.730145430973407
14.945813370444423
16.127517033664947
14.37295264926362
13.4757883870711
11.776722876304714
16.509913259922424
15.739187654229465
17.50705138768388
17.285594892846536
16.609978301855406
13.7839926048299
18.792366502027793
18.324520477704734
14.427114142505634
13.990493812134554
12.552127705815558
15.322932103426883
17.58174624244587
15.238865989700676
14.826918460071377
14.78439231237632
15.564858239787805
16.961151899770513
14.242811075826019
11.505107064893972
15.71838681998584
16.669612662929417
16.78273141376643
13.71939662598238
18.029676216660807
16.898780916970704
18.041853634851154
15.017430503264904
18.063718601473642
17.316978256592357
15.425459528016546
16.33702954606093
15.958552416298328
14.29294457746019
14.291958858649632
11.998353017273429
16.7706777512854
14.113288590580819
13.986790508131326
14.717119646455158
13.532078207568858
14.883144893605134
14.148982436110511
13.668206151099149
15.523735427481586
14.946551684986826
11.937947791320086
15.306009765705404
18.33786351107299
16.31940271682507
11.314727987229489
14.531067146328711
14.459538094154162
15.478435131746132
15.146446090592297
18.341353199187193
13.847582553500006
17.03372518743508
15.212389187123579
14.881224390147109
17.262155223355244
16.46450068451007
12.552803642127616
15.774181683599613
15.27573752690627
17.784608459693406
17.389517669774516
15.999996761590989
18.040244254731906
17.42218072197399
13.843774476979815
13.119952870022637
15.595774877047123
14.827646709039781
16.906603143164006
15.60145755588003
13.678320982934062
14.413459376059416
18.235189597762023
14.844345380739465
11.706803187723283
12.677823543081892
15.355501512336717
14.731516210816725
16.506391246847066
13.71613718787429
16.28735053244797
14.66333314367474
20.31393461404893
18.353823216894146
19.95626509430619
14.649648425752165
14.491644853645782
15.247874417167843
15.182960445474855
17.704751344336916
15.311669907396197
13.80950977563163
16.036264554112275
17.53372370061541
16.655320525103015
12.155881725658361
14.18579029402949
16.05815986223929
15.26661485449166
15.914796059246855
15.616738665695436
11.10556196247595
16.524530122338284
15.196367977749185
12.653302080910152
13.222782712906577
13.399392066031659
14.433052185529766
18.848353336801107
18.08200080619049
17.162856997780654
14.647199213661958
13.466890314603875
15.341142794759266
14.04898195526381
14.077418382545114
20.99090732383954
14.278759534071673
14.434763140547409
14.640130436499497
16.01605612577807
15.13657850070673
16.664988775631084
17.15288244672068
17.222013448612987
15.61563164975999
13.282885962017943
15.040663120296353
12.38454221509957
15.934480991973873
11.873383855096895
14.031278035845434
14.07944085998085
17.062999066570033
14.610841767611726
14.48209966698242
14.662708020554138
19.18098551462937
13.83570450839832
15.085127674323697
14.757341977740026
19.957458086295027
16.872708374840936
16.785359595906478
17.971941208543313
15.796864883220456
15.275027216493857
13.845548461216206
12.436198652317675
17.93353189007491
11.741661076580233
17.909686649028178
17.851050247956294
12.72408979168204
15.78789534422598
18.01398621372749
13.455766345125092
14.82713288370128
14.605769174316542
15.19513659209406
12.026808474259619
14.982126337068726
15.657982470203759
15.270628464127547
18.267725752486694
15.834641063098033
13.108308122111676
18.123730848008446
15.591647425814791
18.93870820395626
13.502200537962727
11.759592038330116
13.731613684301676
15.70927370269224
12.981396308083003
15.724999872222105
14.828671724117033
18.32646214554781
14.813899396672321
21.32532669874229
16.89170518883506
16.347722278608355
17.064154772933517
14.339108222979986
14.877232295994563
13.42390147854573
15.6420811018669
14.620518341831849
13.280011685186192
14.213567210894587
13.776243975537723
16.926139667335026
16.152344294655247
14.965007749608585
13.967721075076609
13.344997994541767
14.849284563454797
15.394393425874075
15.63097687626454
17.037300822449755
17.488833042906677
16.587805117136146
13.724320321526902
14.341666211349226
17.307980541733777
16.966461832871047
16.234989206411292
17.35710883534659
18.956689105262505
14.421434026436087
12.362363030109238
15.903770108685881
17.389428567550212
16.302177266094034
17.404303442632408
15.60022367326654
13.828857259243636
16.389155597347912
15.951086243000823
17.2745071531013
13.2566028169068
13.731321506373654
12.322195070873562
15.092899448936532
16.31576570270009
17.12677644941278
15.643645803594431
14.68108516955873
13.554536273657869
13.738541243537172
14.922136867157423
15.530231887958717
13.886667553631652
15.503051113695452
17.632814039117708
17.640590907262123
16.78073769484461
15.293446156658131
13.55303379226212
18.150532896009903
16.624381875001497
18.41945415473647
16.221036700622612
15.43898420470471
12.336843829014349
19.575836335545965
17.70349991582722
15.88978181388149
15.162685245920008
15.826515604527275
17.519884286165833
18.096944467722953
15.186196520282712
16.604043494929154
18.099287458753903
13.246234033359622
15.715097493635616
14.850800909248257
11.866125504711006
19.26047135955327
15.900550214209803
19.241022156498786
13.004321496463355
17.587255854079245
16.688475190502118
17.966452345457608
13.469909422606547
17.902658794890165
18.713395232136406
18.053122111476892
18.344027291793672
13.763508577843668
15.203163916162707
14.867495743737766
17.91136058046512
13.92674721627581
15.095475298045786
16.44512339606702
14.247338070571438
14.622361922398001
16.73615680579107
16.633977020027285
21.27935563497428
16.50190620064548
15.920462593099291
14.634643088946111
11.785595487830433
15.855693973183698
15.434155347498482
15.855329756081613
16.13995882656547
14.653830500954724
14.896913464498743
14.328653041150647
15.4179780403657
20.358640079810773
14.212234028690585
17.721693370007394
13.680552261222244
16.018236313228833
20.067373378286472
14.1886127963041
17.936098942060795
15.905989922179971
17.437435191597913
15.127902677276637
13.928768452714108
14.48710603133408
14.82887920617593
14.400449140505117
18.637721850398485
13.250125777043172
17.17468886783224
17.598120877110794
17.327970682778112
14.166653876394976
17.717089514189315
14.77911869458422
15.526419256454373
21.80734905016867
18.507699282081145
14.819627724419096
12.322862429523536
14.676344967373629
13.34177547374893
16.599473131789118
17.93560040576934
19.46755697422009
14.127661857311303
19.414581416107133
17.183934284004884
17.218219885995353
16.50692931459517
16.54198720660307
19.150526791123355
18.396797199773598
15.491500353729013
14.805892590787147
17.892605189526197
15.846813820450786
16.8955676031476
15.503676084350047
14.421896325545625
17.904208004688126
18.282671827813818
17.946338730776937
15.02090672757695
16.53157453588898
17.924056420629658
18.72791229395772
16.136408657173106
17.704904133603534
17.166307687922973
16.58020313066277
16.73250560070813
18.49512916168726
14.570142140639698
13.269601949685098
17.627531429552118
17.80658857124004
16.447440530035657
15.474012578741702
19.09960472925166
21.185823243450535
15.320765513559506
16.67129447946965
12.761343615594841
18.101117260567523
17.24198351738722
21.274796983647907
14.0917219174083
17.32228278449228
16.06317447435673
16.025773096690486
14.216064548162947
16.87936463448726
14.696431402693623
17.842627322648635
16.085369049169607
16.08481336048688
17.501067706554984
22.14170506172635
17.865029420283662
16.588340186668887
17.4248416539074
18.9772202659503
16.611630954382925
16.799128500454607
17.51540411439702
15.88068678159633
15.228937272358712
17.327147647208644
14.440700067633145
16.337025182147023
16.87558413289793
20.089585809495926
12.830680119596353
16.725316423726422
20.015397077785995
17.55512638384398
14.805721036365128
18.898727892964132
15.915947667722694
17.224816923068836
19.46060201856552
15.789604290889228
20.867293718003598
20.676233679944954
16.479971597250326
18.839918027630024
18.77821913779533
18.641771278813177
15.687876269960599
13.807233073283847
17.311665871811464
17.08570094804996
20.822309755287986
17.722116396432213
15.081103864456477
19.987414984251597
17.97428224363138
18.103772179165432
16.64857716219029
14.72838490270831
14.073233386198535
17.47006583117944
19.563262659875896
14.411046024124447
18.72726155074141
14.92083620100743
15.551607950861992
17.201985811262464
15.071267397349217
19.654742142137447
18.445950549798077
16.277245917586246
20.64844391924439
17.470533227963255
17.295728532914058
18.224325744117152
15.072156210853358
15.533558953993433
17.428044248542644
16.596410428978157
15.111832654045804
16.320529976679772
19.847243864343522
19.81854911114377
19.079796330733686
21.732934741021324
15.34201893541318
15.270923826513018
22.156278484601536
15.440695247628405
19.171061420229336
17.898578841616878
19.080725617628335
16.26001486301391
11.794859585635214
15.652628044709317
17.946909074385648
15.53481740821301
16.7738182842269
16.725971852331117
16.825531915154322
17.528569852698915
19.081678166456236
17.34079252384446
18.7424756785318
16.570721926606982
17.758368145814842
19.59454530332197
17.78239623019328
16.00983646604781
16.586897732472185
15.945775530910039
17.874657649448977
17.96951533732761
17.861374484777176
17.240253284878033
17.1489053191012
17.196571194668934
19.028563640201718
22.826364706397165
19.37066872524766
18.51500227863733
17.248994503024683
18.244480883078737
13.775475741196008
14.024079692429488
18.168550572076644
17.773386837133724
17.667677712076554
21.058467199764934
17.707112711413654
15.463920851928032
18.745403103783772
16.066485004957055
17.196477129075042
15.144840970635213
16.232541679690037
20.40219841356541
16.935452864715923
19.21670268985912
15.587516180972367
18.742631586437412
15.755591031455799
16.022433702178873
18.715529032844525
16.914761011458882
18.45786972276469
19.34500300792393
18.94345448947295
15.21784394188945
19.833128183239197
18.976292925301408
14.902739922023938
20.020005993459005
18.020329760589835
15.32082174526919
18.961998257105318
17.00134985631411
13.168358754128093
15.331812255393617
14.207535115613467
20.106834838554576
17.222365430310514
21.97501638241063
16.333681746879034
16.542085629414164
17.28811313774986
16.56811414995235
17.224850624554314
16.283315949716467
18.95336785457422
23.011313767574276
16.51015895990928
17.793029733470863
14.194327043266556
20.651000811983074
20.907623859024557
17.89343277770365
15.515408296231303
15.881620465916686
16.2555385399849
15.110303234321357
16.480685945192874
16.598366749181086
17.79777386617092
20.623202704907808
16.851516745074864
14.586953899931228
19.177836427496405
15.953249471852743
15.191188353647746
14.761516204645115
18.996804949589595
13.164778802714284
19.79557484849514
18.999618114002384
22.41827748653298
17.807633117873795
16.4870081701982
13.97107484746251
17.822483812796563
17.64363143287668
19.77507190729931
17.16637137138986
19.756708387921428
19.476282854213203
15.034794939443744
12.700130584322848
19.322920317131704
18.510497233967442
15.092600869170358
17.77083208262568
16.710789463745243
16.618120215765398
19.03676877570524
21.71624668627468
17.10412839345905
20.355161533499427
20.03815378213754
15.99379752980153
17.36255216043331
19.059102169176544
22.127816586372948
19.049368856498074
16.71700698236777
13.714892820359582
18.89968948943114
22.6757212764738
14.935886898479815
16.892460157962837
19.34412461615458
17.293819587163895
14.228318476712753
15.726012058292703
16.832353885111537
14.889508139824722
18.953990406149515
19.655389476308827
15.637757373644288
16.41007844815701
18.78793772045085
15.574813733854942
17.235827442573516
17.118270377884706
17.25218134003238
18.64493725401612
16.08907311961548
15.428811948774158
16.339168335192916
14.708942077348867
18.742318973987153
19.156607735221886
15.584590755252009
17.532583101734556
18.427985401019274
18.993294685357128
14.981306930430707
18.433629607833257
20.146840751149323
14.92402347500412
16.344385465788758
17.82759186862034
20.48479010539692
14.433619267239441
16.471962100577787
18.72988832580863
20.587749056178495
19.19564937485371
18.099460061823958
15.943738738262685
16.31421988115074
18.126233405012847
15.859865359592602
15.536841593580215
16.323869221576622
23.01308728062976
16.849072276415217
24.16133232352996
19.890918782623164
17.08054685592957
19.929830909619263
18.331085640431844
20.8509624471188
13.520466808445002
18.853206960052237
17.660647924042163
14.704055582380484
13.107368699339997
16.97824834144832
14.79235282667718
17.323394684684995
16.685020006415115
14.579081042093112
19.13314253058134
14.770726395581937
19.59526326148576
18.183862190917488
16.161545724455475
16.964156618149595
15.616139836567294
15.186239779066083
13.94186324788524
17.142172865266716
15.117487754728867
17.99647358390617
15.91452069952613
17.875787179727006
15.834533891712988
17.72920815327738
18.155780851887002
16.08112932663806
19.055614795651643
19.952087150186625
18.621914328969268
17.290124554155916
17.2176116680756
15.517064283456737
17.647522877148777
21.275855337550787
19.84287735243042
17.28308049796702
18.539282914356523
18.331501201242883
18.225199186528037
15.947276231364304
18.5357030852145
21.184483682380357
17.593603126157923
19.716055743910076
19.66810130620005
17.889902497518158
17.55614831626073
18.11919461348572
19.07855653845739
23.542353981979918
13.821788926133822
16.406531698457073
19.8685882244205
15.194432865172141
16.579399255278446
17.134336875878045
19.072674345773095
18.16509777717194
16.078941902246765
18.662089184432272
15.317035449504663
18.834994338487647
15.955894418027695
16.586882916511705
18.897047335349033
17.537884068959965
15.341705204159789
17.772983521421306
19.595097263552063
19.605271050554215
19.00895816070043
22.194804949271386
16.552683791337877
16.973559224911945
16.836972477438962
18.644446985811918
21.17238127279762
19.24450897266115
17.528953487512766
14.964708826587797
16.50917674653397
18.68976698932374
18.698808431549644
18.21632755868377
18.12953716076736
18.95485023483814
24.13564447605518
18.373135919299635
15.129502927532563
20.804284515293197
20.666023311301686
16.56626734821965
18.628762205606662
15.117929486216084
15.98218461622838
19.19839359732918
18.69847018884534
24.11975564471967
14.316353499062888
20.10790675696396
16.59296369560878
18.04409673701815
17.05993581867825
16.78800265214078
21.00812361663734
21.55333537016488
19.394993905283307
19.27456349540793
15.78981040414208
20.346064144317882
14.812642120748809
19.968836938416622
15.607096747035458
18.353704501567552
17.269066184440234
14.97780300584115
17.709467317107702
19.10554698765728
20.201211149922106
17.28900380868017
17.56236343367932
16.324696110111283
18.49229668091498
15.528460663976526
13.87040630516912
17.12921709446087
15.590484837706724
23.303035262190004
19.55021943269646
19.33132542905551
16.694297034420277
19.961195876850745
18.483685432944906
16.816029619043054
16.6070599387205
15.627584129180075
17.170067784443038
20.920083979298987
16.157328372280848
18.134824355375102
21.479842160513574
19.584890579529944
17.97498468017224
17.597662353135814
16.41077988285486
18.965311612016762
20.885115096809386
16.681930771358125
20.376480160283847
17.014478067482873
15.211893679589828
18.083086981345502
16.25672061262332
15.055528002021553
17.90399829693789
19.435477791880928
15.919995309767048
15.490919336083422
19.637102488950973
21.766731008587122
16.199145815347414
16.448609990051214
17.513813778078724
17.46729766175081
17.57637139884155
17.534252734773823
15.768143127066676
20.028384490361034
19.848641950645202
15.737311138347012
17.394124894983033
18.49980130261708
18.395950804400353
19.070380664901567
20.118119650702887
13.099463641570827
15.984925731984568
17.916014857733636
20.792598245280082
16.270806223768457
17.2351007834608
16.97397645554104
13.636311941023905
17.04591525315495
19.63309701925682
19.45646789144967
15.247809109754307
17.049016287572204
16.70715737260535
14.577728527521955
18.829703077603586
17.97569739023483
18.610596028667597
16.78544031047063
15.67936824845304
19.761912077376472
17.71281837468977
18.83634764749543
20.019879468297486
17.309221089087433
21.007156909464108
17.745666013774983
16.665788536968975
19.668813029473597
23.178614636783198
15.949549490307055
19.213751972585946
19.50283965389345
21.359980724957996
14.088528172144185
18.166311931131595
19.485368748638365
14.82613844441417
21.5567463368921
19.43537325956252
15.891256828006124
18.339038576312092
17.959711982548846
23.51294237500063
19.067120313202803
20.82204945071664
20.246883887633793
15.50284993079893
19.768927198954717
22.486963828511296
16.470816850749774
18.249210052431398
19.55214820554268
16.928576773005762
14.790806576740394
19.154464975733646
17.37075087452788
20.221109952000003
19.39614670716866
15.826363261417388
14.699060382661134
16.775587829624033
19.786878898632256
16.77899294040053
18.92054534849582
21.540951887819276
22.668840509865614
19.60517586660953
20.60852338925379
16.073429147547426
19.22720738702207
17.182506432713694
20.623940214646442
18.447550426637303
19.671513764585498
17.16510779778117
19.768972377788515
13.671883881282
22.45684716102147
19.8563568180083
17.115498670186856
19.997860175803194
18.70721193259931
17.285938075736553
18.15833021260047
17.893030330854824
20.16983090270685
20.267323937000945
15.955391333383215
18.48737473939293
15.806283987832332
16.420677646477717
20.21833151920052
17.850074342721015
17.486021869541254
16.129101196318327
20.943231918582388
20.178004100196766
19.94095532308147
21.497155207014185
19.659333325227248
19.731606587734692
16.363194163952326
19.82394664174772
20.677004225333963
17.866012113112546
19.109066156677223
17.186004277553167
16.37653065458475
18.920946375728867
20.83304842069556
19.24639869036989
17.220812017212815
16.870712326501096
19.082376418479914
14.980872957816315
21.378714269891415
16.648478807303544
20.980549458415002
20.51295657836888
24.75260660689514
15.543477166079363
17.799905280906316
18.522713662731505
17.47691647670145
19.073235075196113
17.964729433290902
21.16894365295818
17.023707508127735
24.506431695185405
16.17558340903815
16.4990495672736
20.309434736386784
15.324496522658666
19.42731370831449
19.214126074656715
19.99217096672323
19.26494355097004
17.927744492149003
19.00951723742319
18.343464271172905
18.492183643970346
22.35559864805647
18.01001490549893
19.86689664817805
21.792907576353443
16.320857904304255
18.449428081261875
19.13937680504227
19.675798143092077
16.972959083648
17.445327159894568
18.33354787330838
17.207296280662995
18.960739237366433
22.05160226640346
18.488919461466946
20.868260046000465
16.743107416375803
18.314352585493793
17.439916325442063
24.137298283342517
20.010228369484977
17.108568477958094
19.052523730478367
16.534927219362384
22.04433472835418
17.276383878251746
16.03933540851852
16.978172531198886
20.986892947824003
25.230852014951246
16.81306192046562
16.80840151554729
17.870881645089977
18.050375814707383
17.283492994908713
16.79868108292359
17.28065054509332
19.562432587329813
17.795664270660737
18.38335158137382
20.908144789672125
21.35761203811819
16.229144492395065
20.94226480902406
16.809868858626913
23.081487500028924
21.787785718446216
17.618716859160763
16.971402126027773
13.940567303471514
17.626160105068397
15.725586641900325
17.921126275262043
18.075176950154873
15.910465238911973
22.93211714992175
20.490343172116358
19.9654050010188
20.02138842964534
21.734614793343546
20.104218436190447
21.615244745088095
15.870987822773637
19.11935930336591
19.422476441267076
17.452363823940416
16.616062468340502
18.340782860950647
16.815664490649425
19.867813522665188
22.49838708573465
16.53598630320548
16.926974359263
20.85017342059356
17.305630142596815
18.976758967276663
18.862604011050813
18.983068217646927
18.477540060579596
18.042356162874153
18.467011754698426
17.040750128372157
20.971342592988925
14.808950364030977
17.116182987199
21.325683826248362
17.113083842769097
18.72356720184274
18.57648240459054
19.144928991270806
21.93619269756622
20.613703562944217
16.629995654537478
14.82819259409747
18.29092834959514
19.10787340193075
16.322959494227188
21.70002471895359
15.157327692499855
21.489911283448905
17.203577841104885
19.841874320543
20.3217011162034
19.231827777867522
15.11463499452046
19.131345628627695
17.730205409191004
21.08651942364947
20.789300136731697
17.45109036183389
14.358477356997012
17.78891975528155
17.336016417378488
18.55445107877151
18.219075962206656
19.83832410686559
18.92047631090734
19.27168113257276
19.16458471533596
14.832282198791933
14.810203875620493
19.89110837039871
18.09314895565826
22.890811405264483
19.454338040944002
19.970269691641512
18.301495041802976
19.683001723049085
19.31608234365474
18.63568971135801
15.730426778194065
15.98341097602881
18.92058799063624
20.768584825510263
18.757420389848324
15.709555206660877
15.967026268969633
18.83233668052847
19.050678190667888
15.515154975222574
18.323154356566214
17.930608709273198
19.986458725349713
18.589277881204733
16.427855350261456
15.35472509140974
20.844799778096945
21.01623159263165
17.514924326038987
19.802732362375348
16.28386200962343
17.058166438039542
17.551889188631364
15.865669634357092
19.39833593333255
18.014969426810335
17.98366848948152
18.71550581140613
20.34748994168553
18.367722753074144
15.867502900042483
21.40432808357048
16.31632747644003
17.00604557941016
17.560282679006697
22.614422557057743
17.194812053397982
22.33031171776173
20.60914235015723
20.740269381823893
18.20311385374099
19.923172187519857
19.17206406175603
19.917417673478283
21.40270010895235
20.395747425026105
14.660003733599696
17.55128588915578
17.019608150189132
18.52040739582189
17.270369381188342
21.415637899763496
18.68238283216286
20.655599488783245
20.265743813246587
21.113822095879335
17.868029454688127
21.187329343672427
19.781418793807525
21.067108846001812
19.533042862440606
17.90349488873961
14.408666538684848
20.064007479871183
17.99856127873373
16.23058747320734
16.620949036733474
17.07950948354676
18.25199955875845
23.655852993341302
18.03480523238212
19.605044564562057
19.79940451107602
18.240769552072763
18.43290781871957
15.033155982065255
18.103976513729013
18.655488257201974
19.474998330056984
23.398886082508394
20.91497541279102
23.244517513727704
20.766765383335645
20.57744411436109
24.07287039022487
19.349989000345776
20.019384705722196
16.753351869262797
18.8224784836621
13.900212121857152
13.43500191246157
20.03537450656874
18.64747855991201
18.085346565901723
18.232145895648284
22.76455854188384
17.424584196454273
16.139863544091853
22.54024682296337
18.773853193402996
17.905949243658107
16.062892429549038
16.198250625052488
18.65777494829998
20.790488168643396
17.99643653736627
15.364897631388917
21.604536477241126
16.968964180322164
18.819767947316237
17.997147780571876
23.35799243264009
17.45553254642397
23.844498961472326
19.010090288664912
20.57436605966052
15.191525127988815
17.687830756891916
19.009870891207807
19.026700374954135
21.371354256567386
21.980438274843006
21.00738914819071
16.51040270769567
18.491467932848405
20.284691725960265
20.490854387421123
20.560997253676884
19.341838547350534
20.036952565449916
21.14277464114632
21.193982222556706
21.759557911602652
19.63685548980796
14.748834018854112
23.240264107012496
19.043061594194178
15.0806718014929
20.570895551479314
21.696173334627506
17.959357669558813
20.191648341013053
17.549649368281187
18.808343863788206
18.475670821420607
20.231234551885336
20.68970056631713
16.87956704728709
20.468646521749797
17.996456587954263
16.966656668398052
21.509815223058432
15.719893381861567
18.88368434628807
18.309083992956467
17.01594320334195
14.831811982828446
20.953198246334782
21.89221412567941
19.79550939132977
16.864723431339517
16.444941219105043
21.31364767501194
15.754858053224213
19.72188468208748
23.67758109966461
22.299729921044506
18.949102764435562
18.219914236901914
20.143881899624184
18.68754121499687
17.62372931688636
17.908616982646702
20.7457195492219
16.696681748345974
20.734003562195984
22.117162346250314
21.46027273705454
19.3670414939887
21.71668494372634
20.143648032696383
21.077536392908165
19.45605009078426
18.035563780725365
18.984617647030856
17.527485629313198
19.903413436536937
17.209792800448408
23.423618875228367
19.71929108258897
18.91379212666298
20.210558056072657
19.8531196733497
22.038311815167223
18.257345380509673
19.474647296910756
19.501718386753044
21.9813786270032
18.835077162167064
18.272353979351124
18.68735210075278
19.128624164578614
18.022048172662203
20.55964694502674
21.03246808923027
19.47165468359625
18.794890920139043
18.29105510912261
16.258171637131436
16.724911094842174
23.333518202204722
16.80506262736304
21.145841791497837
15.297366194454627
20.706052467685296
17.672275589001742
14.221885542237423
20.280378519080696
20.48635755840916
20.933375666708102
16.00201068990599
20.64591077392927
19.40559193956792
20.758473124650475
19.630852517378326
17.890150721683945
19.748866240511052
16.28368478449677
17.09289761663742
14.680695700211205
20.401437527789145
21.054171567451448
16.576173144236005
17.125787358052055
16.601146380543273
20.403837358952376
19.334627707292405
17.644507156671157
17.237529248527814
17.233602120097746
22.1903339290071
22.900741337179404
16.222840094015307
19.52294339287372
18.101729373719426
17.6342550768236
18.380647944398536
18.8443273945466
17.29988774972932
14.953644736285863
16.497839163825592
18.241427633603198
16.780542317116357
22.593407375544505
17.712752309841562
18.059231796422356
16.352308928407837
23.01253611418213
18.679840792681304
17.529313009359658
24.551835369619525
19.033475382108495
25.24931062424153
22.87842856701515
15.245675067553716
21.16509850721847
19.9379072094985
15.704733665158345
19.431944758978606
18.53186319254074
19.084303053567474
20.47870061696209
19.590748487770693
18.096056085555908
21.4065946779136
19.722781638951652
19.435479446721292
18.584932055226897
19.54166223967837
19.129002463893986
21.467922755174108
18.4696552223877
18.150802954551814
14.524492042186681
19.972481420755177
18.59729475724131
20.206512347720547
13.417282541429254
18.46118025822426
20.13539068937022
20.31336086385533
17.184316734811148
15.536206510058706
18.12969812814013
17.977861134100685
21.367628835511454
15.784775585456455
20.054618131037447
17.374173631956975
19.09726641033382
22.376784769496183
18.868992628974585
16.55728728555644
24.180686339715983
20.711408548728624
15.847940363197646
22.659767137180843
19.678161496825815
19.359250327612074
19.336125935259638
17.982303589189517
19.131427025016368
17.8123507662039
22.502872527870007
23.649638830752373
17.828577659977757
19.161664917113413
18.40590533167542
19.116532739794298
18.083869301610555
20.280881002531125
16.179701533320433
20.568182719301213
20.47155546876932
17.77386332021157
19.72792106349927
18.533364017540677
22.352221815334616
19.38949171560853
20.096390088401947
19.03014129516367
17.724496315347505
17.42649462867293
22.872731403574836
19.32170471445268
16.903194317393062
21.613177039751914
18.140002179735532
17.053073839662282
21.183084977846143
22.160477216432405
18.02601742044323
18.429522933727227
22.167783528377203
20.501694139736866
17.556517556025682
19.121410297947655
16.772483550611245
20.850600319844308
19.6840647974964
18.959331289963774
18.4661368534059
22.158865693272848
16.100731875911272
19.218580536247966
20.48052395467907
17.816240017172138
20.27483403497844
17.974185659682785
17.98279550521416
20.35740485378214
16.613435167325353
18.950287270790103
18.79342340467233
14.112157002063089
21.349293828785893
22.233908737286104
24.864969716005955
19.30701978488909
18.048357788324058
15.671860830891417
22.61402474876397
19.35714967466442
15.00119691214514
20.19515990489137
17.697663655365545
17.91249894572638
21.5115033479699
19.517915018095145
15.396840453254574
25.101360653211763
19.45400191996552
19.99276744054026
23.41321709952925
17.485218689059156
18.256145253547412
18.04814914964378
18.403498234331533
21.001986524051382
22.664375958755578
19.11403172653785
21.190969100587196
17.78812064943847
17.90949522544737
17.779406363367052
17.126717732860126
17.95342994008756
22.948345246383557
20.756175239074707
24.49850761613362
20.73017024990279
19.789830397859202
18.145616732501615
18.514313015782935
17.479723479627854
17.688878589756335
22.39721350288256
18.63855435867433
17.677099794130015
17.13236516845927
18.782190976190044
17.984809159371974
19.429545153620587
17.394000693921896
20.513660098389664
18.0259409480445
22.63342120842477
20.487266822964223
17.02011119132691
16.318803500984416
21.913600983964557
18.973044697947792
18.315888686001216
20.938853071779068
16.924001489380633
22.966906587024052
19.83599505222521
18.12354130073361
18.571819590252293
19.587197376001814
19.443931766087932
21.86129515644574
19.20217415998377
17.52479905204382
17.608275582826455
20.67894766583667
21.993414077939118
18.515676622634583
17.575829725744164
17.554194136672113
18.30341341447077
20.44718613396959
19.99411331821516
21.462163140598303
18.84806308346845
19.38711732662207
19.1627283158161
18.608528991043205
20.348488981324312
20.26335284549917
25.321031096838727
22.281990750538128
18.768423809473962
20.432648113645918
17.772571990769436
21.57872778428105
18.125398283293887
22.40671692867988
23.167978442687524
16.11770329020887
19.912033858527117
15.86751012389936
25.610151024164093
18.60110031564875
23.091640571433636
20.623992095999764
17.167265401890575
23.110210288823804
21.42001889316281
21.943754699664474
19.43641918905758
17.13622807793544
20.484236085252416
21.09967910368014
21.430502962936604
22.093226692495833
17.185892796815452
19.042286631239136
19.614186666493108
19.189952585127553
21.586386976430514
22.589949944140965
19.3405399587778
19.271717284629936
22.543222100326325
17.909920753640705
16.812884449674474
20.364142529245616
19.324047919453314
18.29531729863034
24.577007636603835
16.525953903974763
20.637753548801935
17.65901457048573
19.364942805426757
15.175639289522907
16.06300016726667
21.3598939245618
17.44478202019407
16.27992064833127
17.610277596669565
20.510192354947367
20.639386321454513
24.402794310024465
20.06993933440558
19.65504122971419
15.470391760605416
17.438459380126886
15.408260764309427
23.513981202552227
22.189420997492498
20.51968504327408
15.437884146084295
24.28165060838668
18.66602769033874
19.835004707833736
19.96065843709023
21.823945958919904
19.717020768368908
18.68997341979969
21.276956521493318
21.671899874888677
22.213332912125903
21.243521404606398
18.302394387442813
21.95992961661578
21.451043186094097
21.47205231928921
18.327922117180638
19.30549616404582
21.707592281319418
18.53865699489746
17.994395517261253
18.24454685981518
18.741522553117147
18.668396597243664
20.363618971965806
21.922265655157275
16.597337837988714
21.159181682959463
17.627010090177635
20.03385268049966
20.026775760181728
21.080688314754298
19.233072828437987
16.974008543332364
20.97377362235836
21.857196195145086
22.550382945537052
21.26919470800545
18.32277019189917
17.173552657694135
24.576267454621114
19.891537109138056
16.984098726924614
22.88242232595723
24.19999919211134
20.755793235441175
22.3204952521854
22.513444235755685
18.528267331865987
15.58590334580798
25.005990997345762
21.91293149934521
22.040231809606464
20.84667311147254
18.74348924308206
21.401176024375168
21.734573013980885
19.296865855293422
20.684780461172572
22.36866804222919
23.85727063627356
19.82233829904733
18.24013157239426
20.282807940988395
21.084007787771064
17.404189673331995
21.587966801810683
19.11196297323052
18.257087786353694
24.346455642209513
20.655131312742746
20.047733839550215
20.1488671019515
18.444397118683458
19.14590475563456
22.85645222557436
17.53292910391774
19.707854156254697
23.567448037360947
16.80322418064988
23.310103516220877
20.15771298130989
19.718982976204703
22.018088526625455
22.47128946515676
17.877086789938513
19.280421752921125
20.867761809691835
16.690477856459317
20.265309248613704
20.087436024001583
18.298578321606442
20.168326069779614
21.00189339703165
20.921818340376593
20.01315241416073
19.741148558458057
20.097733194371184
21.206848071749963
21.98510913166654
20.61717693076764
17.560175488943756
22.03564966522302
23.266773472233698
24.425786748787125
24.45485100222383
18.82239610928477
21.694159194465122
23.762300606213678
20.552727600347904
18.149307381482792
20.781190155681806
18.42044100203577
22.89644731281376
18.625788251258534
17.765429993386928
19.69606130669949
19.980869687504068
21.311348656844196
19.735602008016183
20.485193451552206
24.01424062432659
21.668152657120018
18.986155111204326
21.952398346909117
22.719430890690738
19.245227110735996
20.492175528240498
18.056843579919132
17.51103845403095
21.355662155931473
19.84131407139322
19.16501269798578
23.073203258141117
25.36339691824523
21.39837842115808
22.12958801051163
17.701494673225017
20.569670843732673
18.264050206207617
20.220876236668918
20.060737135198927
19.432627435443173
22.06294879622051
22.563882073754662
17.740437638725115
18.46669817563243
23.291399508130095
22.929678936114954
20.53091560441157
20.018462617861598
18.82259481870858
22.951377269849658
22.106407460813028
22.41958119735039
19.615904081897565
20.782790982833937
18.98215781907954
18.377960750203883
22.19074069994056
22.816515959158025
20.956693500811525
20.965299162831798
22.012045107119086
17.82915024070215
14.852732320055447
25.121510581286234
21.62954188785589
22.047354427343503
21.6545082804478
21.589406883105347
25.153891720454865
21.63390579988342
19.76367890763372
22.586356064557307
19.53535117543876
17.194105134453768
18.73654196549678
18.618809492859633
20.163903719494883
14.895265422556205
21.201976847991574
21.597613901252004
23.893074729669205
20.74736911065168
18.038352040971557
20.690024947467247
18.800926330091542
22.281649420708984
25.68627501983298
22.567353408925385
17.898857793347236
21.44741727997091
18.614553414347334
21.53193835479203
19.672777064857566
23.600555843573602
21.21534035670304
23.5101354899305
21.725633606850657
20.51894675531613
21.156595574538542
19.36472665495871
22.33653864098843
18.15781066959724
20.058652811342668
21.648526050625414
21.28727794246481
19.349995665642115
19.585355393460013
18.26124117830849
20.46382813335139
20.319151198068848
21.386333543631597
20.42948272947155
18.2809320768712
23.897271649407102
19.03124446873997
19.59727314698082
23.120472382458626
18.584821763762527
19.16452384576444
25.950987029132953
20.402540319764803
24.170781406612843
21.4399825039696
25.4064589182183
19.710909371083066
21.688489624432822
19.444231824000244
21.894223767656825
20.485432024831507
21.939542644236607
17.530325722789478
19.718710757683695
20.270960786164185
17.22797717749735
18.958782954032937
22.43637316164838
21.66784389582604
18.937477206225914
23.517937825298038
20.88920897717112
21.15777120770808
22.81666470902228
24.084373207261304
20.569025585013115
19.81979017491238
27.14610738241884
18.652582496998903
20.71633097197144
23.17330772965734
18.921890647289256
18.298411138808675
20.18135024987002
24.747378052763192
21.12351374142235
26.35360220951659
23.431458297490643
19.77606139043052
21.661152418905704
21.58747822823357
20.58810827944939
19.505765780450062
20.076799297247607
19.012793032982678
23.251533925934353
19.300594346257522
20.38826839359637
19.280737157760747
19.370773039168096
18.85609217112152
17.579126003860427
23.620178541603863
24.65684762265574
21.547533345135925
22.723872802988343
22.056369704023798
15.362820801323606
18.576746064393607
21.651335739876117
18.888237871197017
17.93914684357062
18.90014630844869
20.63397977135953
18.426699277573803
17.872328325836563
23.96939062078789
23.73406519073486
19.471106414961458
19.29737756580761
23.070342421898438
22.39420427987614
26.91063461792114
19.769781619278977
19.61504657480731
22.837314697640913
19.688547821896833
20.356173818250973
22.043976404730568
18.367726740419805
19.586156832658286
17.44052194301822
18.65503509353286
18.81614330686308
21.501380942131355
24.697369398899962
21.758604736594442
23.307898297352608
19.75573386663876
23.99277586193567
20.020095524263734
22.022285678862758
21.198077577074482
21.051507101651172
19.759518060467503
19.776576913976772
19.02550883890986
20.035674311772237
25.608304236459354
18.434097390367445
21.162525527299213
24.12380989547375
23.390175679752453
19.558041424331332
21.852949060210157
16.550986855799202
17.656973913170614
19.159403948147155
17.177580738311182
20.14200128870557
21.264851675453823
21.75345382488463
18.696010295130563
17.61729082279371
20.44174648730888
19.885373942806677
18.711338965078262
17.57135950286961
19.55603875707886
24.60169208910405
20.345500527929435
21.74173865884501
20.208476300041948
27.083071939945768
22.749800959323547
19.602798884115362
15.93513955575531
23.88186189014183
24.92880876176747
23.464041931291803
22.740860983764684
20.516131721698105
16.245784294673673
22.664771792022968
17.38194255914237
21.764151189701813
21.677594851178487
21.877264655251654
24.447677080865603
22.26443197617078
18.664313904777316
21.791047262450846
21.83201627699881
23.88709139624174
19.63294952339223
20.2452246780274
17.151937409752666
22.57969716502364
18.595327895263342
20.15064604386941
20.46886707184926
18.36483720671225
22.350791427898887
21.192059514005404
20.54757402383261
20.304395758329537
19.217205194020366
17.20320632908113
16.340623043739257
22.04006922623575
22.51383628727457
22.631990187747608
19.317831390455243
14.377648262023413
21.86778707315961
21.882317165922263
21.354330333042096
23.27256137382948
24.41640165584879
22.25467161372392
17.523666103227413
19.762007326367407
19.710294042956992
20.822584869319755
20.33522570447316
23.23429773676735
21.099931512610944
18.47759936518636
24.05826412486221
19.14856798428145
18.854423168163052
21.236883013992855
20.79774882650687
18.141416708120968
19.348492557518483
18.013433584737232
21.620830106537635
18.48282561955668
22.200507755740407
19.98847310578725
21.311816335939852
20.81224807279156
19.933235086426926
24.466599647218608
24.008805451819857
22.72861665347076
19.39719780728887
19.553454459380625
24.413213765660505
20.722556986596143
20.463179582811335
20.39127786288257
25.74097704885112
22.286122968185744
19.350906079946842
23.16584781272689
19.69003217461815
18.922066152413493
24.195634978084247
20.17303461961665
19.781619996759627
26.69528114894356
24.718387217780663
20.715516324682916
18.089562469877595
24.81959237307535
20.02640223425248
19.266350963871616
21.995532813197556
19.266172081644374
21.186064030982884
22.896728977806962
22.459494263251393
21.31494745129715
25.36581447975344
16.6158679171532
19.371557660563084
19.736880684204376
21.456798521906173
20.154005740855876
18.029082764776945
22.202741169593303
26.456337653847783
20.335628575501214
19.849400746033606
25.462030456344085
18.11127090827434
22.697724482627997
23.209135505073142
20.743962810866883
20.66674740758819
18.622744674196493
22.754608740365747
18.247458227187504
23.205442382408258
18.4999826752485
24.07225537684974
18.694523465021827
26.752110903391497
21.59606090856042
20.88611262439024
18.332597891784197
18.946365918025588
20.67029987403036
21.121475058214017
22.491632177112347
18.994665220068768
21.433148139284366
20.032389980352367
19.32839935668889
22.758295577094916
20.786536131393465
22.952185085107246
27.66110589649716
21.01792460909429
21.396644553952044
23.01215260501085
20.77577669619584
22.741822151288297
19.829125346765956
19.93279636762617
22.907317297094494
21.22969610152947
23.4334928657352
19.70896932844122
20.595007056246246
21.786917851011317
22.618989089625554
25.59759977820025
22.794015938513326
23.18097748210228
25.40361118961448
23.47055606840164
24.409039872894866
20.753827111771024
23.95504775515687
22.902260145547093
23.06202469484834
15.556287140629125
20.603633310170952
23.094269462549708
20.530385307764085
21.57305967780678
21.298808995815758
22.372640254625768
24.984344810217276
21.937363409035306
22.349545799154345
19.211632474161096
21.90608043690783
21.089134892617803
21.544718188321195
19.811152783241386
20.119616459888675
23.434778617734395
24.575144637982344
20.972636571077768
17.983979757170236
24.191982607801414
20.874072555883977
23.11863044094815
19.915311334671102
20.954228686659217
26.025059082823716
24.84555279288275
21.165078049750523
21.619126209949176
21.364175842604944
20.677948958349873
21.46187078431221
22.000619407575805
18.778828309999415
18.412243406818952
23.203027380728887
20.242359810860464
22.829601727790795
20.14181079364077
24.66377210446687
22.143559276886215
22.05252798105928
23.354238273495916
21.85727299189926
21.169980007317804
24.09368444002797
23.008828570435764
20.705767019339692
22.366337957832318
23.49764182544298
21.239390715661617
23.339872078160635
26.51870094731402
22.952200992252784
26.77990682084147
24.4937764739999
22.140158193028824
20.09237954599404
26.280716422891913
23.17925671361771
18.22251744482163
24.149968228605257
21.971434759129096
17.676455500433395
18.21347406980992
24.83207490306146
25.483198884198707
21.13028763368904
22.96131393892505
22.08799379852551
