24.12153034431735
19.240635835071537
18.980339206327233
17.313200893383218
17.192996808796465
15.908534432420446
26.953393936257605
24.895511222915797
54.21399085331363
29.38761561344014
21.65278273293229
13.430559746746999
25.31748063425594
82.2201489910325
130.99330569250026
52.46766379454664
23.79395738792466
36.95559570390695
53.8322338460536
28.901626269682158
31.707377892596472
70.72067375741308
45.076277253777704
68.3669415046403
69.9041783300764
33.708363373208925
57.19489029370308
98.38881762882933
26.60672510209617
39.01735719698006
40.47827921214726
32.92253893116658
56.924639672987844
72.1826344328499
43.7859343406568
45.58206980360114
42.92729811763144
19.22867588884539
36.890062759666066
58.87982459258292
34.94976565916939
65.9453362784393
87.0087656662426
25.723929826941408
41.435630586559384
27.18328862858826
24.345671548436847
42.07828755773207
78.16327406316694
27.659155293700643
68.76369130366155
56.8995255365707
40.55807067398247
45.190253686831625
39.28137977732753
39.623116677429344
48.62587126626051
35.89656306612429
80.41834553485215
72.13733410999762
28.061202120794213
70.49087331031228
104.56485946326507
18.04345754621802
35.48766174006492
48.27935555635822
29.43941058545247
32.4817431165866
21.011860169639647
48.90005809561567
43.46991204710013
63.75412269212401
70.03340158862936
44.83423054436335
48.79902407558152
32.914262258021786
50.342277680803676
52.332010026477974
88.21619932977822
133.01306685085467
18.31821275770856
34.54687422369157
50.0412906506225
84.3752551032878
113.04810397639318
54.65448688368433
38.496371567969035
28.248237060142536
46.11629345225704
44.17240118609923
105.11122225960897
100.78750693679964
30.43079219524494
76.17860295788985
78.11120102184742
47.304291975177584
68.37010412308393
75.66908047552407
37.15224343930403
32.06294712541122
34.8292322582882
47.16697544436025
55.310343696615924
86.84236779445921
54.19327704394767
52.33625397887159
97.37509487937203
90.53714265610097
73.67424310472738
116.49325447898576
76.73822497776894
28.502352688716762
24.008890983620276
11.734138847578647
12.991402424475368
20.32173268219606
12.52095269437409
12.828678589172688
12.478575574069986
15.573655336660043
27.204090480747304
60.433756717062394
28.321535453683218
67.59283761595519
41.53881903666277
63.46373982364248
44.10107063958313
70.85760317748327
123.2234510365773
39.76623878277805
57.14341732589076
31.25013457733383
83.32514453483198
24.132680287018417
26.143123711594694
104.74997403893367
110.03341504157385
43.04364949967194
43.85170214993058
36.593991256015954
84.83708763504801
60.287025110300306
40.76686671704078
100.43652882115686
46.82699133466933
40.00816703693978
79.24203626654344
63.18440525228172
73.13711023490377
41.81631397672429
67.64660388492376
43.514007373098735
75.97220163353926
48.317053972535646
11.458574575669337
30.146161830208683
48.69108225043258
57.02810669675794
53.820872379526584
53.57358250445716
32.92547581701413
65.53921862004724
48.94235637206618
56.80757581783075
94.77795121505513
32.608265563145814
41.23132875351425
25.617091949027643
50.071146262778434
55.9477308727854
56.764855194769574
34.955061193797526
61.92743741972756
44.53417949611413
85.47138049462889
31.57116766422933
37.13705200421136
46.387925133972416
47.39742198572084
36.73290243515924
65.1681606966841
67.13401279497566
36.85742199582957
31.55830576348132
28.56252870899741
91.59712048873259
70.72886035077521
34.855386990428144
88.3127585641313
105.49489884377377
63.45571148267516
88.74557530230685
63.198214821535785
133.95088616562828
190.7210117152597
128.80486866884607
68.99574723893355
47.770037291747414
68.69697909433388
44.92867024920901
27.98721180610139
52.136950577899185
29.555621781346183
28.953036870685466
82.80103996808116
70.4832351123622
66.16653798087957
24.505748169446917
46.58363277965612
68.7464105953738
30.83172696362815
33.048139674382604
21.646695577303117
43.879930972784365
57.257392687038816
82.76278807239667
28.946508563608816
43.10783220163573
81.31173548910793
107.54410284381017
30.765596880957713
51.865706170596226
53.6372009110448
54.2700942177581
55.53765817224811
83.64000630996021
34.11955483470912
53.47469451198979
90.49168216322767
33.93554599602646
40.52858007960526
39.009836676074286
77.66765199267877
50.75375506177176
27.88060720752724
34.21294423461593
39.49469127715575
66.27613333235696
22.65285011929788
32.9674396472169
23.99730429060567
36.39275615380121
34.95806309223935
15.670415140535452
37.76478667968848
67.14950337687894
99.91188150181692
65.81470021706107
127.4312171343998
154.50390932890872
23.865573685883156
31.62348928605476
56.92951625272699
110.00264855180284
84.5829164780002
79.86021648388206
103.22318814172957
60.89014130638015
36.23396225807682
25.568833425126158
88.86326497922151
124.68817265938144
101.15926815616064
65.94057118098021
49.96569575925638
60.561680045511494
66.54234056248214
32.01542596788792
45.270673643042116
96.93257323893752
116.8892675049158
33.264467421964795
38.084038571174645
19.674505005792547
44.55621436222708
56.32383249470887
38.090948973026826
81.13652969192539
91.65183038173167
63.32108534405987
28.267765504871043
20.354313291512756
73.12306579975828
48.39328461813745
65.97613153721248
29.36577251865626
85.76907566574779
88.74488424218973
29.684513549146672
56.649568018949786
18.765325201469967
90.40152948735629
83.24746027371646
39.93755933288782
80.79413640472696
116.05823869099439
152.43446011563384
54.276601022683366
148.36220586749874
130.35844287989838
41.46503420625501
76.44761503545605
44.6650119289491
42.594689588167135
60.68741559467287
123.95841708497049
85.53687489485979
85.04964107903582
98.70600109079668
91.15393126633278
100.15956369888619
41.98015456439593
78.3693838650111
114.38506983839538
74.96975344558292
61.03841366769097
75.72432863985125
97.72235708603318
51.20980591288935
69.32772479882834
42.41464340074616
112.38401906454476
66.12631199655435
42.30526910544715
22.71129741135528
54.99034373421446
39.057933945185006
34.57510357649232
30.465891761010397
77.21254077696145
74.46915721091122
72.66681394133313
54.473960249894255
43.108299772286614
63.68941562364054
107.69726810968916
56.288064480787185
86.25011267556512
55.29090249363681
76.25719618401159
44.33823709940014
94.51455081932997
55.050710396948254
35.94756577406882
58.636423504448025
118.22866901170691
203.95993832797566
199.54481365779498
55.966632016440755
116.78283097579985
156.18056875442608
52.55747481110702
85.3311504378436
41.53398445592437
57.53787737211755
30.509318954385716
63.37021222085659
33.60608319941768
24.824663002633834
62.32981663025636
22.953800274703724
36.85098363637627
25.944321028645913
33.08711606226539
29.763493462286768
62.38826103636311
42.369470408781176
74.40072773966796
39.157456553925016
99.64660056036358
71.9930579330948
24.799929147150586
70.74281114385042
46.19161730353183
98.41942475250274
112.22612462545716
36.639876415270216
52.820279915751115
109.15674330215427
91.89174656834992
43.93625897301856
33.844235997944836
82.35580319397911
127.88326019057425
46.70360475641728
92.5908109979188
114.11309157163772
46.68552933983248
96.53631642455127
42.32300907855387
34.87308395756203
42.33703238243477
79.22729061352786
95.3564755381974
54.856223149005935
60.0011884216577
104.42211340113312
59.65672955044769
97.38593415297314
55.33455162070293
34.349088171589784
92.74967070776043
90.12541670185828
103.12735673602172
44.67631575195149
31.7720150234374
54.08198654169051
76.6430126488068
126.11256638430136
125.1232435439816
16.03070942696102
55.345038074363
54.854010837501264
28.677366268093493
50.88931270562787
39.73151541239446
72.39240164715278
71.44440539346132
66.05748928610659
78.11046365546784
115.39532159508454
37.610241926801415
42.55409927058544
102.66916729983001
60.77186284947647
36.81697480982019
76.10080039755834
92.46571123839529
43.07358766381603
47.98820497676036
50.22753254800818
94.29345542618807
61.32117349258692
54.80353786527186
102.99444382689084
43.607022251233225
64.02285646201099
132.40488420231648
190.45161005619238
190.213383636572
22.743126151407587
18.81159847163023
71.69348925974944
56.68917898819095
32.126324364832996
61.57484953187269
71.75036253683055
31.25390056264064
92.45796467425785
65.06754065325347
53.025744387419515
37.66559772797836
48.194155681264775
60.771811994345754
64.80241894193558
82.38964953858046
35.56518697566733
49.12696284028134
54.3022618255353
84.41584815963314
113.17559200780609
144.9337140248877
89.47512727676431
67.60959582645903
73.4709739449869
48.82855391220574
86.54833913025364
31.73465791140038
72.5753198069085
55.909826273313236
78.62863849899911
86.99004461425358
100.6159877302423
39.264569303539
116.00667786608842
160.47913277774543
42.22285271668604
104.41281810471177
78.07772921558671
92.64076381789371
19.143291972845624
32.17379348562487
50.35977644704411
125.31799030004474
78.95771656358691
46.90482581563079
108.03019965123836
171.13524089329022
47.89850019948079
95.94766531905442
63.84525048298258
62.12005357125498
40.14575168205397
76.70321923499229
73.01538252187517
26.058440042995862
56.72215180389267
98.61041501453933
22.489895019362876
51.28648376858138
92.41879898742506
74.28711767721585
29.722302968411533
106.94225296487397
159.37939440102645
90.77947129006327
60.52508567726294
89.91881434080089
62.871756059813265
43.003281429618774
31.296504412264092
97.85340290134508
63.347884697959614
76.12104125014099
87.54664844228408
27.832109473666083
50.98565051571265
82.99141528942118
57.26562944183957
70.33832848851485
25.955728584387327
41.17557975401479
35.325531731685096
93.70367097289139
74.0637929624502
104.27501151914406
25.73659303495894
42.198329027478536
81.8956604561613
111.21713457105102
77.88449521817994
77.64190235315286
111.63285110209158
29.223926337218646
48.785336187457325
94.02142674464157
37.06655073979112
22.23130884452905
42.479451328076976
138.32851876281686
85.0449997859934
70.71514870414909
39.544830653150804
49.757302761310626
42.262515159762
25.707668577311072
75.14115527743604
165.12347707259278
71.51081606410177
66.53924556056565
41.718500925477144
65.81147809736478
122.7361848991109
51.29832162887359
104.71876330349204
118.7269681531373
58.043882553723265
84.81194842073526
119.9673813123146
43.17359240543841
34.306563078356476
36.843102769656134
30.46606048905446
37.480536224616735
34.29795110025427
100.52171967430878
160.49886759470343
49.06373584431553
80.97972181822566
83.73609352264576
57.29326036936277
120.75835799084308
112.58942171769252
59.36305945028952
75.85145573080175
78.24829861441005
31.918754714882862
36.55014986031886
42.6723471957581
107.54846593787892
154.06912081678828
120.53668949446076
85.16269787117936
125.51853324580429
87.4926787764637
92.02302456706181
102.08041868880171
62.99878989540007
140.75430828935666
49.183292606712584
54.7908842265766
51.1040304463755
111.00692294690971
185.0090067877608
144.8321934946377
82.8284557707401
78.06198247363972
26.412601610046266
65.94814302373393
120.5362297270839
44.292840245035386
72.56153915619953
42.45661641086529
118.02101943895771
80.64358494192571
41.406896183761
27.127598927803213
19.94392110743535
33.67072277810404
51.52725473378123
50.263845469398525
89.41068220202153
48.37108996934082
79.86163745634182
52.32153724665186
110.63782795679656
33.7905261060153
47.13726625539966
144.16119168619178
161.27396799331427
43.269853162775426
57.63512792400515
27.185834269543033
31.776352839077084
69.9685297504137
103.97032632517465
140.4321397062521
170.34146197448175
73.60536907846937
114.33322303523028
68.7956655583496
63.462042641607646
57.73233609279098
106.21743059336414
120.32412538605304
34.58853729356524
44.38419030509595
79.73017268511994
87.15090224702026
91.63247152143917
32.94487563232908
57.54637652081441
67.0144553994014
38.927757068011864
48.12798990881413
27.336082754342257
57.800968086884666
32.873516477338974
64.90436395407538
55.05844812485574
75.11607428425148
37.98228428686431
52.28754663004534
53.837951584715945
66.87318639479214
40.3658885697696
63.23909542251003
81.28035873664622
74.26806761419938
90.53919423653971
123.01697031806756
51.122321885738245
53.55106719173561
100.82162732972068
145.04795209862905
157.32798504863567
96.07798128167725
140.62160596744025
56.9795058530933
113.53162445472783
175.34690639825553
205.85463058779467
138.1689738652959
39.05175950779111
54.15446891811289
100.31969167585176
124.11171680173128
52.36025033115659
69.77233795386073
105.85242202657834
24.860696477787084
93.84172935103636
146.56751195340237
63.77072473462484
25.180785368114318
43.85332254202431
55.20671865083688
50.0779271028444
57.29703025872466
66.86194862901603
123.9645068997503
131.39239078021822
50.191818625964956
57.68542630019068
127.50875263940442
102.28311765923095
75.62681344324851
39.1433340992341
124.0749109194615
49.54280274858135
121.8012191471557
68.43381400652396
78.80694864443215
105.81773405850662
64.21285737475196
124.4652909903276
47.91330089734105
53.45160744436668
69.35472326541445
137.39583356042206
158.15130168423138
60.474936412843455
137.3302564743116
98.67051908504638
80.38023313744038
42.956357205928725
94.2754317916565
54.89000954115688
74.26271147261967
33.69593053288324
22.649997809178334
68.16699204479819
61.006360512751534
65.69716835302104
49.83105173472059
55.38380631192077
92.87060496544349
74.75770783319585
93.91259802339374
55.415509130002576
61.52757605225556
99.32352848979068
108.57908060637106
108.07301610473385
61.90820939228179
152.6412923060059
155.33642244539433
58.343579658135845
92.17545348659252
48.98298500663573
118.97650913487581
74.86804735688212
93.91653900794975
138.37738634283602
37.79587271327951
76.19222144912017
56.80907216743946
41.67224496155545
44.0458230551571
119.80011413794556
45.540195454203854
51.68436027430064
61.011025276271674
94.26369038401467
58.433256954042555
111.70614927491029
75.31884076895749
73.11752594145787
129.43027270780385
60.93731933359949
36.13138524941408
82.48557283952664
44.709981000371066
124.95219850959573
192.19562844044563
112.3152074710223
94.48499912271039
138.4428868195691
53.081792145158786
104.55824170857156
50.440860193014
45.41700482805717
76.9099547872089
136.1363197508059
44.696981447822296
119.24382555065529
154.72608423663897
54.268439097432505
32.09074626420708
65.69884237335118
114.05896904356004
115.38189061850966
33.73786725115343
69.02640960516368
104.00459487107986
31.07347641954254
49.51334860828392
107.25383809605263
51.126010734721014
89.13791352461097
110.23382165490379
59.977203432109185
82.09991327848734
137.59239546063046
84.60370992512001
87.9876981179184
92.45982253400079
76.27402155735363
139.82893419253764
143.13910137539054
22.088491455378286
47.064412683012904
28.073979085063307
44.97495548441286
105.7474538127016
127.01168236778209
51.688374568995066
83.53433344867064
56.89682528426167
95.05813126176308
109.35720164879696
128.3829458387447
64.79857201758387
94.92347724647104
81.1219301794506
62.00343526842067
78.67936716557509
57.445243335649664
59.40161294491855
86.59454889820938
147.4515606788184
171.45144269224843
241.0238551685598
49.45965215469207
56.541262947391246
71.29201399794061
54.13607102680444
57.69756752083725
79.77521781570542
37.63337962977853
40.5619892990179
85.65037740073723
112.58275839335708
79.33820882075776
56.99013160617838
109.24954093068865
95.94839627217344
70.93511272850526
107.6588030740264
135.50297333048667
36.09576956110531
81.04205844652395
50.23909342761618
78.19886152576504
41.71735106650485
109.9429848268875
94.10219645479656
80.66722368763179
139.76938967894694
54.124080926185606
100.54603918076408
76.03801457780217
66.65519517382619
163.22274117973097
189.54434416812327
169.47148321655555
30.030917081516503
46.540858343639655
99.83132865136608
31.36606084155447
66.68042249660469
50.47065028315042
108.06197167271583
44.051729759044164
59.289997488952956
86.8459975847976
108.06824462880552
61.14426500037288
45.004350664794245
98.04142458354592
169.99866152650472
123.00725639888527
43.67550330144919
120.49340298785381
170.42586596280046
143.21945767255085
36.77465168122678
70.55850452762688
109.82115400872804
142.56883687745923
15.54099724913842
62.22183812863813
38.984575292023464
34.78980806821208
117.07377043240119
154.86353348644118
43.369292684745815
108.55169766476888
59.612496811960334
38.96526427761315
85.46370420691692
154.16330999738122
26.41664467549173
36.39731660129105
70.45878637272082
49.03163631648237
84.69646835664194
103.99967308350938
28.609271526217277
41.83883120064136
129.50978547510456
163.26988272950908
162.46936995797392
54.31024679120281
93.81450264856517
96.08199650727182
53.097665059107925
153.7835359146071
259.7595205462566
103.96090679655744
68.3132713797872
154.07747344128026
48.28818183434031
57.91810685255817
66.18814737182826
102.76191244498345
50.378073903452396
90.72424463394276
78.63038841635667
146.7593465623206
34.438923203899435
56.30854601684942
58.22687691913935
86.48429888229765
40.91120014243844
42.086140565052524
58.600037224071535
164.38279660234613
191.75130967737857
29.425904279931814
41.498988377801844
90.4177801349266
130.25911738317535
53.49645949234317
30.16727410221176
47.03373349671466
133.29567762879404
162.3857104128574
48.678950569483554
88.08372055563775
138.73396535005466
27.846918137932942
35.55465228348316
83.966824078337
57.34943496576416
145.4945049586157
68.63524845228851
76.20044719281618
73.80132580229534
16.40182213848009
68.17999540649743
61.927078179369296
94.74044079083218
146.36938977292763
48.60023159028729
67.47437672868129
86.98737604919775
135.70504124120967
91.06806972841919
48.64943167698275
30.532673261242365
41.82379746860956
116.1018024149036
95.68683145648727
48.028525964125876
50.68773511191834
72.85617859506434
52.42784383625187
26.805062734488562
93.13969097541103
167.68684497192115
64.33097144939046
75.72785468934858
107.04633475061509
40.29302465624815
120.02324629770078
193.10110614312455
50.62027691418644
52.66626750901503
20.14316237815316
45.38998118543194
84.49618155816104
147.30996947499702
100.88563045333792
39.1181460716626
111.87594136829543
143.83425371307007
158.09197006397903
20.18483250905088
87.73733031222802
64.72760722780508
94.17226281269186
175.49409063614263
94.09276639676993
61.37101416376819
110.30864336975831
174.72035941929065
224.23878243982782
237.54321531773408
40.20818913255091
31.32587786645999
117.85336582809514
65.50912252827916
104.93525236663714
50.36457894699858
87.55619173445093
115.79644007986045
144.10232212788043
105.31600597209142
42.602737013350286
141.94132452599104
114.8990305231795
72.13036254974833
31.154018469119517
94.630614310797
168.80236550987684
135.46370983207953
47.084096372328624
98.6900968282807
155.86509928244982
85.66379515483476
82.35627295587753
69.12963477882079
65.63742072664431
78.70399287937038
60.20812153138389
87.41548869520571
53.527155204201804
51.425386591469916
32.80095488660313
50.29819376484383
49.252363137815
68.52552768803203
45.21046724403423
96.18451619251583
162.94869998239795
85.72026629569324
23.06401663667657
32.692418139004445
82.19973906139796
34.183934204069935
95.38298417299396
132.88714120892138
110.17184933688819
41.13757880300666
63.98424565418258
70.09437915521633
67.09900990086663
118.90638646848136
64.38243014236406
103.7551786109223
78.91165684509713
44.68436023573528
40.806633049206674
83.58429279457233
143.42322605722197
186.34604502703644
186.2564966993154
87.05768352461645
69.73694892986745
139.83579301000512
125.46724088478304
58.48903380615938
92.53636770593116
55.470793698160506
112.93270851578578
76.35670072427737
107.56248006549792
69.09557190004888
125.99245910868002
52.940859106914516
98.22371566528312
130.93745924998416
175.95784121593744
72.53442820420665
77.28556787363216
85.81975010780059
28.335085059446456
66.66835366523351
138.04045167360354
20.082835193393656
72.2935800229237
72.51617942242173
101.51897646362632
92.0251201329463
25.520786498275665
24.39139135785481
60.33794221664616
97.94016506112222
58.24704379750481
130.56471911680012
168.63636879224492
83.69181233124242
28.26002949113274
56.57585424423653
139.15552373842178
89.5370707795317
30.375660713564283
60.973038937059286
32.79220668162995
77.2110421052672
70.71904261026104
99.49828229318521
178.02476265754825
74.40063329849521
53.58739201820003
70.64749570602416
27.131475380003785
28.488748088060493
70.47220492767802
109.98663772863522
166.73285225982877
215.47176241104367
188.9702800146071
77.54855598970875
129.299852402528
30.37797167847504
54.09374412826667
119.97632411972698
40.86541653969752
40.24107158161514
97.86404490170887
72.75404856163907
53.3317303760144
88.62757926340196
39.47609434335258
35.39039993146082
66.92589064112535
103.6948058886301
44.40074451970606
57.533250941022146
84.02789499633829
99.38252194304282
162.978062190625
173.97448590496634
31.275898556387972
92.80727790794184
163.16856211320365
59.20662813158085
58.845945920580114
129.23702740414473
70.08865950704005
105.5052345729149
166.6395691066689
108.9281720409215
34.26723194356257
47.818507913583204
54.42917788755469
60.95241771783771
87.07962367892229
111.19316524759289
40.87864402558801
101.9494653345361
55.32265425904817
131.35120708903503
50.84527521495803
90.53093112931076
134.67567329340437
50.93665491098282
116.3738489792153
21.600959172728167
59.72374841840906
60.686588827667464
71.98662167377671
111.68334085250105
46.99956037583516
105.9839096846336
126.08524606267284
63.56995137871871
72.65636375371837
121.92212463651819
45.56869810800929
72.00942273963207
122.37458671319145
146.28490070914955
162.70364307372068
204.6971078916912
153.38275074109544
53.8184803501446
30.071350261322028
46.57245280772396
136.76770666676217
65.47079215528493
102.53397978096365
167.6205119259458
66.47184173351232
78.15650195781039
23.288722056983293
54.614237751203184
122.30354523777811
57.77667402393176
26.12821016474859
98.71538059864837
136.51726487803714
96.60289725121858
30.494421935730717
65.2751894265625
112.39132503335776
76.99354554703207
45.06707636635686
22.021285560778818
48.05689709090343
92.5244323774362
86.49688290049433
76.4889553859597
165.81730413290086
58.691835877102285
61.48784011164325
66.36714770696305
123.64971285039309
169.30599223053773
197.72044901531947
48.615078290721236
37.74737735944204
76.99066819036261
35.02152068359699
90.84022771375277
154.4150858211317
100.66890526213773
69.65868356570837
133.98578939941004
71.89649936764928
113.01506450243754
71.90569672807527
91.81904545747635
38.600865878430234
38.396571820691875
128.84449405654476
56.316130327505626
99.26239389696477
126.20828443894936
59.87176972714525
142.03213876215102
188.71217968104068
49.8938567490078
32.76965345269158
98.39160435790383
49.91659710783753
46.163029973416826
71.5586421718345
36.83217863052157
30.76346040280823
62.55332490707336
78.43078977566135
50.06134631980717
97.9478018427495
25.72475374329721
62.11231605851517
45.98802826725405
53.58652259479461
104.34694755767306
52.36757544352459
121.99521519895792
30.939628174386048
60.89633537415108
49.44262864585855
32.95061127975817
81.95174072717504
132.87722848091963
42.295618997728205
91.88488470560448
105.4924322956354
64.07508029418082
114.53994780848215
94.54157568536975
76.59744451662301
77.95425752334637
98.73798714023603
86.96980270973212
168.36611131326535
87.48280250180463
88.24970481873146
88.78969918093172
47.259751738195284
85.65381953011806
79.56795433656849
19.66850896682631
47.022294664929994
89.94393435272167
87.19225430726316
22.05962430599003
64.42070360823425
61.12771212340138
76.86558990186064
65.44876282338686
68.7438460961187
74.16131841210371
52.34824284241905
74.05577989659245
107.22932196091276
71.14456427606451
46.886240496250174
43.65129251380499
79.55387510528583
47.137479613464876
49.478663299626824
66.14791227870586
132.15822421258372
75.53121637605216
61.94754373305547
76.27703034733477
96.79064156082883
63.449854101217134
49.04189550232826
73.70308729300285
39.51919863368036
41.442281806423495
70.6051717027102
114.52000474742654
180.56907358523358
89.39547317263333
87.30006893271477
151.32600172356547
178.86819349299762
52.50285896780706
56.34116808924487
53.54406931450009
100.45047719582885
105.80628593589836
78.91254570823651
42.47231761878051
124.74973662102616
203.9067235354681
289.71688067793974
469.7385086620842
398.3353041370224
352.0900783115943
337.8400983451905
309.93865126874806
224.7950722526451
64.430370681018
137.36416369903856
67.53016927353194
46.28640222984936
77.42670680679183
68.92202621750064
77.23431560442552
153.1908119178461
90.05614708417671
88.55816131886185
137.7641681825791
39.81798618248453
34.736349717761286
90.35181524691156
61.760481590023105
116.32219012884042
147.7744444159369
47.91441660610665
110.36939300318475
139.47422689541332
83.71286212248081
68.84262776843092
122.7607763399057
38.5357394245609
107.41061784522675
37.90019128393337
63.85635169276447
143.0325115132825
71.01947262423573
81.44126097924358
32.60745837107906
24.102511883375257
81.26168070554593
133.58427147883214
42.100137793311944
133.31020340894418
30.394991382181164
64.15236419693366
114.57249084322876
57.013313589395786
125.01955904961683
167.87546020152692
77.04945571153742
115.66480355779835
132.33393715650507
33.539967656417424
46.32674145997766
87.18331536856533
38.79549154071974
31.971727301841952
71.93775060793327
40.59077626910232
92.0841312535988
98.39364462948706
65.24959538522303
60.765836215103775
97.40613771110233
123.48627519403165
71.08840397149582
58.183521363777224
62.34790630000463
123.38341519259473
97.0506461958626
42.09608612314456
84.85576714492566
30.77233556987496
67.85513102709322
91.56841088471323
41.61274883566098
93.26775128104707
37.21715954383135
57.553559796591465
15.494260308276479
39.66566739502296
91.30471337391873
72.20295563958094
78.14887025630414
50.121698558632076
123.56554482139789
103.46805777824481
44.411930662823885
97.43667428566906
59.314632512999644
45.276972964698
65.03453427249868
81.449826223501
38.119266819580545
133.8164814736479
54.813066978617385
73.66619359186663
88.86039427699582
35.466473414606455
102.12866948236892
172.9875176505285
96.22454451686365
111.00015771675017
188.65008231777466
191.75847511496954
57.0368238901195
105.57639870418168
74.50212604186925
62.31697057529746
107.21583311781919
95.04183508526641
60.66457135215738
126.86194686155096
130.40588034051757
42.344491450278596
55.87161497136284
83.87287780399387
40.166255842450795
89.3976276974545
50.38684923063047
29.481130641469775
66.23515120688026
90.96703308224119
44.795069354344776
40.46704500755857
81.8317333294805
158.8074582991731
81.20026797257162
61.234157795758335
118.2079239517808
173.2198323229253
246.28407113307568
263.9316772665458
81.11777888084296
60.37807206910402
103.33851900190636
172.1724555543148
70.70738273351584
102.8521896279312
129.79856608450783
139.62301654836816
99.23217984732686
48.93188456566227
76.68160638998033
53.84501923801131
130.86543197699254
53.86706307973891
75.86879160096078
67.13511715572935
91.75879627642003
148.84922853966796
121.57233084943122
69.75923893288366
74.80265296706047
68.83267289555553
162.33168465087704
145.9440780917286
40.97619361598562
41.743932260519415
105.0037390837687
62.3604385042303
80.91578352251396
142.477757099192
81.53470676362582
85.3644575776739
106.1033134491306
33.559231383332474
91.58651414189386
155.56266897400118
179.24292390369664
62.51568430803421
102.32655765410591
87.87474483522905
113.03843670048829
131.2262410633531
38.62441274544585
82.6713241441696
104.34261245183247
16.9026833709105
72.95078868048478
143.76757864345535
49.298461560907874
72.42960383538185
129.78721296109657
238.419650942558
281.94192794353114
206.84399025942076
45.3922933252904
113.89328121032163
187.89618013115165
127.53680495698197
49.64276665827344
114.23214234992774
128.39460299474683
78.29598145529035
48.342965689445535
107.13474945782721
30.837327047657762
92.53255676460547
136.84765940851142
109.67463206217633
63.7695703464354
52.51582375727508
65.79110921329416
41.77936945036064
94.6858560216888
149.2813517725039
195.34610877462404
57.59330727938075
64.71304616090285
51.68813694026845
50.50862150814054
116.0231600093947
100.76865037631063
35.64206744422115
84.07735549052109
160.00596576842702
96.29241624587523
20.126758925760672
43.11282736639422
51.03343053973269
51.919775268320386
88.39503173008579
121.10755253752194
44.17520740440237
39.23226553890273
40.23841464772872
65.00388269423243
124.67384317638528
189.33772391368623
136.31523029857246
42.553056406462396
72.72375758790524
116.91629348827914
46.26114413374895
117.21588195668652
194.5639790808026
32.23053087182589
31.984975759547485
51.909927848296626
68.60468153110074
120.45223340360617
75.45119155138079
72.89081798200131
45.9952108587015
54.097448827165195
61.34069925442684
38.60937632341939
71.38642573297808
131.52065950076562
47.55798157411672
109.31969635974372
117.30145273810716
60.95914499442549
156.39062439399305
171.0397802265918
50.4848210809362
102.82599496679047
149.40401227987272
60.83227548865856
83.82635051200305
132.0990861567065
103.53375676525056
65.46611428116944
81.14056836139763
40.68543800132505
98.2664979735331
146.03336404599622
57.17480569417092
88.50008015518178
55.87052784507857
123.16349180289824
190.62731117739384
110.99168644524106
82.4853408235316
142.53318460770382
42.40592627215985
