70.71908724476698
146.719532718774
223.48406573854024
390.7829683833049
515.1558316432703
513.2156031816594
573.0194612689999
624.7089385366197
756.4290784424644
804.4693249700567
794.3968606541373
767.6304376731601
817.2618997548602
797.7114135353995
805.5388010876908
921.1226663743972
872.399388219486
882.0436207733053
880.6340271850283
873.2885562610243
841.0920019533944
836.4869016975057
832.7201309971958
783.3278270843646
794.2069211001728
835.5577788939178
857.7034482830143
860.0381311285039
925.3898040050047
959.2863624246462
964.9170186431023
909.3154983413002
875.9995281007169
927.8856660234421
910.8715502847367
941.7442519233595
974.9523759865947
962.7242768119237
935.7076300021565
927.5863336989188
81.22455788869922
215.38031054700238
289.67107530763803
432.36990781488413
532.5374639936765
671.2421666976047
680.668081452143
758.5436804764438
809.9866390442975
902.986126039739
939.7111937026505
895.8582463617693
943.1826658139704
999.3689777554088
971.6370149326241
973.5856435267332
976.9280586385354
953.8147070199615
985.2350155705567
957.9677629436196
985.1791816016047
1043.258643301087
987.7817388568478
1061.1796121898724
1073.4468006150357
1061.5336165938545
1013.0577016580288
968.9650851081619
922.3832542104456
956.8984930306151
1022.0681721426283
966.691713363159
942.3842307697095
992.7923994777403
1031.1818489572754
982.8370411424748
1046.7305976447121
1025.5863850085482
1025.7859823358267
1036.8869056185501
68.10030364757561
138.12041326878605
241.8780521350282
363.054200214321
449.2852205644158
598.3089797721818
678.4260959685662
753.151649283852
739.0975175264477
785.1212663408536
799.3678480170083
795.3069398245209
923.94951029557
956.2227421111332
942.0418235978524
943.7627226443188
904.0836266524635
880.2103474527686
970.8894748205242
1055.4113682378488
1030.747504865884
1017.0309569929829
992.5915810689514
990.63083416461
971.9025575839246
1024.3703920485577
985.5052479668404
979.3312782132745
1008.997369946064
999.1882943121668
993.6293761049187
1109.9389297519008
1121.2282667922714
1066.9027190312347
1036.9333601525038
979.302235036893
1024.816870981972
1016.7076177875359
951.949494147205
939.3538577327529
65.49581474953517
160.33056591815216
288.88050789996504
402.9027171491593
459.29371788430416
508.86932765325975
594.3838441357949
659.067242924146
674.5500155054849
896.0626552386939
935.0855674131733
925.5616731185556
1029.8968527019815
1068.6272006685294
1064.0037745364891
1003.3156894859549
949.0688171910207
953.1112360394864
946.9787113216994
969.7159336485391
938.1668324339806
984.5554207646537
950.1290457496979
977.5353759036096
1070.4610572131191
1035.0963793572164
992.4318876978066
1018.9904489099146
1014.3233361474695
1037.8294690475543
1123.413898172364
1182.2779053779025
1103.2802119473088
1086.1074774325687
1116.1914704830895
1009.4057955464132
986.6510193939525
1003.8735195253887
991.9114622401372
962.1367912348618
77.5599922779642
175.68110832702553
291.6951695534296
432.33930136247943
509.1741493756579
622.5841019929891
671.504348584587
685.0547107831608
655.7973772004189
691.414575547178
715.9392204333911
830.2870896999857
811.0872791670872
822.2611744544946
866.8158331511885
884.9537563836267
866.4286401662342
844.9882303662105
818.7895700091933
813.501949239743
868.4497342690283
865.1705355069396
830.3445588508725
873.4740194234869
1016.3054942385429
1020.7126554980921
1016.4816030899085
1053.0562703514238
1014.2842137051484
1069.0018668766515
1102.5244607962418
1049.2823875068518
1080.5502535355072
1063.5585837710757
1084.4633602092424
1083.3617441025212
1137.4123536471063
1088.3921904114416
1004.5707251652601
976.3159565015001
78.11077865113262
179.18131354750065
268.6399575089222
339.8273702733162
466.8410489042468
610.2074386751754
635.6760101718811
690.6037028810678
698.8903021124815
775.585022642111
813.3658925919016
767.9719109489017
852.2059226383352
905.3201383441199
950.6644457877993
965.8376040516288
1008.3223432986983
1034.9366313966116
1008.355821147324
1058.5801717321965
1112.261906521762
1151.7905322490383
1123.953243522652
1086.3747291743607
1069.8371162153712
986.5071984729686
987.2022935794122
971.2591209846728
965.6040670142384
987.7997768940788
981.0682822737286
955.1171866088795
969.6956246997524
983.1722238992356
1066.1871570675626
1003.825275290887
962.217429919235
929.3014817525577
895.3385475581529
908.2627843588542
72.70684925970161
205.48790750410734
287.1378010590635
344.39331502977655
478.84004348796844
516.5941459053118
564.6295360587303
682.7833969163217
690.2633785537726
685.5708825878144
785.1000841656066
731.9452555209639
827.2912701049993
921.174401571995
914.5464142741541
1007.8186470823129
981.7464688979592
1004.9787946681666
1010.7507553721391
935.8292622516389
928.2853373243196
931.8852542089282
1007.64999453274
1036.985774752569
1014.8065441287989
979.7399652741638
969.6425625314378
914.7312022938635
908.2522112126748
1001.214029245989
975.1684049034151
976.9835368898405
1024.5694105779096
981.8102039323232
948.9053811584724
904.2664520809708
957.3070498983343
974.162649741447
991.0807187927113
1001.1006877082642
77.05612228824498
248.1272688011122
346.67483259144086
454.9252535456962
580.3768248822287
672.7447634501209
800.3148947167286
786.496473678862
806.6610941974486
883.7711183507054
880.4511351816457
832.0966188609698
848.3423069262784
893.3722302942429
965.679343527119
904.6145158046063
838.6993042799356
922.1444829453379
1019.5949582614141
1008.8234519598075
1102.3242149429805
1094.1008241027164
1047.0953693594695
992.2010385226877
957.4490484722625
1046.9315189573285
1032.369308495108
1013.9754604047176
1000.0294237873844
895.2530920525373
861.1430527781879
957.5849511496585
961.1579322594654
950.4898774733043
998.4664442156813
1013.008330959398
1054.2483032297266
1023.8845237701898
1095.83552067477
1063.3313716155812
68.31740807823815
171.40982668737036
280.3126964865116
392.62853144978243
465.615805168869
553.8095651666227
644.3226465263587
728.3881021821113
726.9528686274102
745.4416024034742
797.8844512597947
859.9450916995781
899.9288645328799
911.0901116610835
918.1184646302871
935.0103640281939
958.4071742714139
960.2426200219975
940.6009218659799
886.1854796601457
1035.3052951394957
1037.1636444040532
1065.8357394596421
1056.1464655098837
1058.1943088538642
1120.3544489444853
1079.5450424329629
1023.9924797607752
1096.8207733459933
1110.8493823523072
1053.1515204122616
1098.8062420080416
1028.0483459052018
1071.753854924392
1143.0906649306482
1103.3010894700033
1074.335687673537
1143.2227035090093
1162.211327614423
1162.8809216519728
68.04937208538641
152.76576446362054
294.51820841860723
379.22907514275647
449.47493890241975
517.6523187753675
598.3847806145311
624.5723437329042
710.4388817342805
721.5396144459509
804.6510901673595
855.0083185129189
923.1308945120055
947.1127332976114
896.1658155149148
930.757201390204
985.5265379522093
976.8110786902613
982.8165820320833
1026.6024738693468
1104.6735126024382
1057.726706625341
1011.1977927176999
996.8116673724026
1055.6409118530862
1029.825580296741
1027.1466444379057
1056.7611314224591
1056.836666763712
1039.983389505615
967.6248548617907
998.867635308889
1008.0295593097159
1002.7752424442551
966.9235877990278
981.7293501993513
997.8057217706067
1045.468710817988
1038.2875532276544
1042.958934785018
65.12515058095907
133.74402543614593
203.4879474469581
241.57749622200114
352.32091351428863
549.115818055355
598.1278517058058
601.3142846195109
605.8261218808095
681.954334012643
809.3386513118968
863.3720939134937
853.3919253374276
831.768625668529
825.367248104214
987.2234166589628
967.5604268042746
959.1561590219881
955.670910003858
951.4040778217762
955.4472302766894
974.3137455718316
961.3241407442912
1005.8450147186279
999.6611694094385
998.4552385676952
986.6292753311973
1012.1917471979981
1001.9647609771297
1008.094416983827
982.6196103437654
1025.6610911241403
1022.3352067272435
988.799076955785
972.7354356610518
1028.134196647562
1068.177506617567
1037.3127910414312
982.9000211034183
994.0745234057777
39.73769767514399
151.25031222463224
294.22189123864587
394.8750585611485
500.69657984716144
578.9960512324732
655.553335423861
756.5381804923709
758.0833576245709
842.7672217161511
846.9252396788402
949.855664795058
890.7499906263423
862.5796697862431
892.4645066982475
887.4865131058565
885.1944490742075
965.8557038571441
940.1364422983991
984.258580470377
991.0492234712347
1019.7110382057045
1020.3603771737922
1019.5146491807143
964.6268049979099
982.0611942382562
963.5751680738354
1084.2711206792208
1074.5551399424905
1086.1441195653206
997.7607671219376
939.1358255349066
954.2649131071183
1011.9090453877527
1030.717569153354
995.2826156099478
1072.2541067296297
1067.8188472053628
1069.9090366218772
1102.0326993010533
56.25357663751855
151.182248872139
266.80378984622394
337.4350396327847
456.22932112068764
548.2238861530029
613.7589157756411
693.3777005784663
844.5018028690471
802.0967815331448
811.5232268904406
883.7348517715437
919.1954359902858
944.0106325760023
983.2608908337771
983.4437165329592
951.4340440796211
987.6679859328483
1008.7306315693171
1016.9372473220188
984.4983579409746
1009.7483296215362
1083.8428895918407
1099.8385191955124
1089.9745597884482
1156.1540047703343
1191.9195936583803
1182.7564227760454
1151.9217380342484
1095.467712480606
1093.0296324083142
1099.446270396601
1098.6465219989682
1131.4309717736985
1182.5463306968502
1127.4602665050609
1063.5624768730077
1032.991992623445
1113.6217048292608
1080.5598883225493
80.19729927339603
186.8259550277158
314.53770513755956
395.46275514713375
493.59658229411923
558.649208695674
686.7596752311888
739.9759570136653
769.50151951206
751.656184064814
812.230926343495
853.5524322408556
861.5448946865997
891.2234130714913
879.2422697296884
926.7982465375107
980.2355355769612
967.0183381258263
895.0963885213903
903.4117413505188
970.9886497545992
971.9016276005194
986.8533528658295
1062.6126800375189
1055.6592863846013
1022.7061374744181
1007.4041776563616
1010.0690018416994
1075.9367673891084
1068.0298698522965
1080.3011923273598
1019.2409783964811
1097.6784695142048
1139.9675267487294
1065.6493464273499
1004.0269448744704
1028.1559605880102
1078.8440290894819
1074.8650925709646
1076.0667579570272
63.87732060417358
191.86042393646144
279.84849265322345
402.51678848396
468.7115279914383
560.1968044879231
554.9822217400782
666.7066656681916
732.700344980177
751.0110405704171
787.078425575122
877.3593438266738
863.8961182510762
897.5493023894903
910.4244225495022
926.5802337419744
923.5696348242745
918.0425765802792
897.3058216604478
872.5101463866921
956.0773853737742
951.7995682952152
983.8187090561967
919.0421066484876
972.3078238272565
1099.4535575708146
1060.5215591599667
1040.3251247801213
1019.9191156792531
1063.570721074685
1143.5585106248102
1117.9051718123023
1090.2454783409564
1065.6452570598703
1025.5075666683676
1050.5310818978683
1000.1787592567464
1014.3814121834652
995.0707382413254
958.3973703106342
64.91397996109262
177.05276870784334
343.481011541429
437.9603119655652
534.5423150751847
582.0635058821588
646.1521836930362
680.5342776877919
686.3260478492938
719.1684510059828
715.9494196983394
819.8192324066998
865.2320189885644
917.8646289763269
963.1741364039985
920.6593546134184
943.8965876633877
951.0144959067978
986.1402225676164
912.273989749701
1026.6473880247097
1110.0383643329712
1086.3612352543432
1074.966616438289
1092.7567384139393
1107.2266172025
1056.248983898826
1015.0900972750327
1066.6333496114394
1044.437739831906
1074.188387013421
1133.1836451091092
1077.6971569466423
1065.4494181610078
1147.0985872698016
1169.0313729587422
1113.2228913626745
1054.4363765678788
994.4592571875278
986.3734255558298
68.25993443134114
144.353174423299
278.05198696882934
393.3658347783073
436.15266283098987
519.685241340747
593.8835093686608
608.8868064729809
639.6280997790458
686.9920497582408
723.1795021871401
858.4730895272163
873.8753642588493
899.3769198516168
875.8812035163795
958.20749955513
1005.6298960866511
958.1946418883098
899.388605492335
911.9170642175809
880.9650350481077
864.4274621267235
866.187548002013
827.8340947576735
881.494422946682
888.6101666092737
937.1379282384036
913.1179303881486
1016.3971759150814
1086.3252557270243
1021.4896838554783
973.1955776529086
967.1568002616053
1055.099852983671
1078.2139567844936
1088.302928288914
1042.1072710466326
1075.5972522446536
1092.9558460779488
1101.365377717228
66.48033824277577
160.35897601403204
266.8049919876496
439.25548327778023
518.2169495938423
529.5635656916738
584.9937164015874
612.7079677155061
752.8592637193613
753.6587045493943
806.6954262047533
807.8256573786354
840.9650834659082
818.1666093867541
817.4428436764074
874.9950190162051
887.2842435226894
977.0467960675222
1016.286201192216
1101.3643509784906
1028.7700493409966
1031.0936864904158
1022.8529166796891
1000.7940883919695
1043.3440242724228
1071.231399490579
1072.5812302872587
1014.8445752703648
1017.4943648684996
1002.1388308313944
969.9083418006443
1042.0808870705343
1092.662656163476
1086.6881554471852
1145.705667651745
1133.3170277466136
1073.1574397027098
1090.1096792972064
1083.5671611356065
1087.8211979010566
65.90723525622876
181.43790796687838
290.58794939240323
418.8671940077903
519.2801377255314
617.1821712314472
632.3832504875842
727.9388674420088
764.7856982146039
798.423981382641
842.9128875714435
901.2607324091559
865.4054013393059
840.8342770105548
892.878074274953
910.4697747231321
940.3985734119485
1004.649108845871
972.4767349544223
996.8972407066773
1037.0095285867965
1078.4169818011765
1073.984406080611
1027.7463654724274
1077.2533422337165
1087.2546414923422
1073.292830606393
1048.4177403734604
1047.7830567701099
977.3306598050328
1036.9785981678149
995.3003573233284
1001.0343004045986
981.0552355502049
1010.2198347688619
1048.1703197808217
1014.9335714305226
994.2014250100272
1006.2091211323021
1084.133348234312
69.83815715851777
174.80982181775795
323.4364207785198
419.89211013195546
517.7048271844341
639.9884912944981
738.8133220917197
802.7677450126367
911.4526889039475
878.7504441614572
944.733366761537
964.8593034277847
981.9392783877428
996.9158531416247
1037.6360422859761
1017.2634579500813
979.6954421360697
1045.7655052785549
1043.7958700006802
992.7212410793246
1056.672779213288
1044.983490110591
1043.7099938833894
1105.5075939169496
1127.2730262735502
1112.7207095654353
1130.5395341208516
1096.9156519830315
1084.9425490209703
1072.5293469791427
1082.5617818465462
1061.6743720477716
1069.584005908146
1078.804134482948
1082.677677031485
1078.8325518260604
1075.964432944279
1063.8604136469662
1067.9036280825594
1053.810540438742
65.00337098051943
158.79357876765403
262.4064786740546
404.2723194010011
540.7845344830228
559.0143955171424
664.3364413950522
741.0166827181154
802.6017199834417
813.036986292067
758.7708671479447
792.3591679606826
834.6180658988063
812.2256405464225
785.5959527812144
837.6655621053009
873.0714726052095
903.4727202146024
907.2515318669383
903.9310805533615
868.38687840634
832.4819803907117
797.9585542833993
949.0121402926808
932.0488906160328
903.0495059419519
892.6141056944725
867.66884368422
899.8610404577466
896.3779895278309
855.4793058359026
879.1337846535638
892.6239290887307
865.03677317541
926.8871119375445
956.02616372138
964.4117187858348
1016.024952951164
1029.8572780776758
974.1951809895951
58.22509030989608
147.71172033511482
315.74799125785984
382.1738317693167
467.60797882823846
571.246102213396
618.9321403521154
700.6266181934914
735.7787912489758
810.8167921638664
880.6049578411537
870.0933637171211
864.389018383298
824.165292882282
799.3769882940489
740.1540412328646
868.8907782258207
881.9499235506657
878.6555644778949
964.5729909586313
981.7726002734197
975.0731734249249
967.0749013095597
1038.7829970195924
1073.904554231497
1062.4366802402408
1018.2809378944386
979.8135055008123
941.0125365586339
1008.476749273471
973.0453152127496
978.8426162052699
1015.4608927125917
994.1210221883656
947.0288138539224
971.1273869326823
988.0400932277475
964.1712472651028
954.2829787999373
933.6101170497609
63.8637340748818
190.7835978338938
317.19943577598224
388.0036477430135
436.9279083340927
511.2176275685628
656.3331810764605
684.8040217742011
717.0226214033191
692.5863953674638
657.6510246420028
650.470299614006
793.5909898504091
881.4081728843364
888.0169010871351
869.9862880955413
891.0166465279856
945.4408358274239
952.5939149578066
887.700867619276
853.5713766369498
832.8697280171066
851.3027690533096
954.6319570897263
941.6035783815051
965.6034058225439
1100.2905834999076
1030.8905631753444
981.7651485872971
1068.5717937144175
1126.048785453632
1091.9471924682432
1146.291732813301
1114.25686879165
1167.9703441758743
1064.9097971520362
1085.9693154542053
1090.7820068602987
1086.335460392943
1080.5548133555824
67.37289728097856
169.57224925018338
354.996128106334
485.7392794486622
544.2820062488994
592.0980575373753
648.4969413105717
703.6077132526457
715.9890769302596
868.4305584640331
842.6978176443884
824.24361817348
816.726654387518
851.7982238531362
865.2804267428598
913.133894212857
891.7843740507012
896.2846787211324
982.0523106790564
971.6577041635238
925.777008502985
986.713951116336
960.9806248614036
921.1760186992884
942.7114697405929
936.3000782065119
993.5984696397447
1002.4545990518594
982.1176700061171
1014.0697010225385
1064.3580574333537
1059.6473090118666
1036.536381939103
1019.7442781160493
1084.1491063283836
1085.9278319984985
993.1899828299977
1050.3544398664565
1124.5811271952575
1088.4830061184337
84.37940182305167
229.52531613662586
321.7154925356229
417.1382972816901
500.2347117024534
637.7272334742039
612.448984120216
649.2868213852597
667.8648040910776
720.025416571467
809.0321030410619
919.598778122088
982.8729357425093
932.2675575842547
947.0986755941161
936.7867288314451
1019.6018695670097
1149.4854457856736
1105.2887461739965
1062.342410100773
1096.2945325180217
1088.3019059789058
1025.2003743825321
1019.9474879229074
993.8590494581282
1106.280795957231
1082.6339054312555
1049.7485639514416
1113.1468932467494
1064.6106739534077
1056.0965737986426
984.657996676038
914.0560531789326
963.4764182478201
1003.8435594297827
973.3594906725123
962.9693188836977
973.793921258548
982.3574827800028
1118.1326525810757
76.66078070623378
153.24173654337642
317.4238496390546
419.2250713041572
532.7878049453532
559.4363940089959
560.5825424580966
709.4258500765012
818.1598596446231
892.2945760061219
881.1377617795745
834.752677748964
865.7400379080551
961.8411739592282
979.7703267709602
934.2792720128658
956.5565243779768
1011.652628955647
1011.1417607487604
1075.2430980270863
1108.2363643045085
1181.8918260627206
1194.4730524790848
1204.8271462620169
1147.6459684231356
1119.400394354267
1033.4442886565478
1125.1516193330428
1080.3387696853388
1033.250709437509
1075.3111082449968
1183.8081090538806
1122.5740268839863
1094.3845148461871
1019.5771210159722
1037.6276254383445
1069.3897604181739
1066.9571794154426
1022.6744705164506
1068.9183205055456
63.38206291385207
145.70627323186338
254.80555813307726
380.28046360565776
515.518007062779
563.0952635133754
672.1900945020087
726.6623749223377
732.4856976759949
782.7976424901906
805.0411177679878
855.2017758287203
860.6430422266291
819.4918618027318
871.1566049869956
908.502210025145
921.8857522909806
934.8351240769503
1021.2726158595029
1011.1129478233413
1027.8015620626504
981.4186440485686
1015.6379873643826
953.050833860168
1014.0187266240686
1038.9571114062824
1011.7028964325117
1020.9696983514749
1057.2512180074134
1035.510178262097
1166.6467645725074
1130.9044949553731
1077.0595995417916
1051.3781494411473
1044.0564435903907
1084.792978495262
1053.5386733816235
1100.223624237537
1063.4360001228013
1048.0935114283895
50.61904163290613
134.99082283721475
248.9336577341108
395.4621501068096
493.9422385453428
602.2427733139026
601.83879941438
717.582253927462
745.436012026728
794.0869228534016
785.0516420512588
803.0996373747098
813.7296565859876
869.4133763696208
972.43628798997
950.1150729339183
949.2354715634939
993.4944771912236
1037.99940347522
1034.5588398024781
1075.23052232248
1058.040141936242
999.1994175645677
1007.2371912285815
1083.5423031937837
1090.7682009568784
1150.1862225473023
1132.5991977566048
1040.9346155638573
1060.3961852552932
1058.4815531822924
996.9317480289872
997.8277712868427
1048.0310165786366
1126.8521111668126
1146.3179483185465
1180.9219234318882
1199.1447000077155
1222.9043559598044
1277.2820418118986
73.95355512457994
158.89815631205315
289.0299300275039
402.816535727761
513.9164727924849
599.9418029664633
678.3148835742965
713.2695646522104
728.211769670967
795.8924522983616
848.4742379930781
872.3155812153785
888.5299104770671
928.6331754353289
875.9938014577608
979.9620134281134
955.6405729373968
955.6122056857961
976.7510998426834
941.0833183995239
964.5037082087687
960.9498708527415
929.3825291451615
933.8438543615457
988.1479429204431
1013.6289487613515
998.3432218026402
971.9065665036472
924.8466062137451
1020.9898815361962
1037.6969186695962
1093.1532620433438
1037.531211011311
1048.443380751468
1080.4266854617522
1141.0225724946927
1096.678406207777
1070.5738968697278
1134.987869702947
1117.1595901131122
75.92837066252596
195.1833335721651
290.4207665728352
358.72419487692474
430.24237318439503
532.8102577801919
633.8826170824073
648.6237581773956
679.8962305572942
710.5428422703786
823.1398862014634
869.815766858811
861.5234758804133
857.2498406408856
937.0896302076148
933.344890121608
967.8551165011728
1033.74793184568
1132.5839123624858
1118.8947041893234
1092.4907985069358
1121.2304647388153
1146.4523734732081
1144.9062598313365
1104.2721177700673
1133.3430564292253
1111.6077788312903
1139.2937629854098
1155.8235770698075
1182.0171010820688
1169.5741209650691
1105.7295555110038
1060.2708999739723
1163.9753096240568
1176.1450393443781
1193.6444552825938
1225.8762473438783
1250.2530014613099
1210.8077974860955
1179.8446171608023
50.89282666255756
170.66420807110617
232.98348451081944
325.9109503129299
471.93956223081517
529.2502270950657
648.8965119466511
713.8603837687325
873.9413545505106
841.6132500848029
806.0169575766365
875.871445025801
982.5582491527684
1016.0076202179823
972.1163994713368
1009.8143882616174
978.6168810757953
926.5175381637895
975.4187467328771
1053.4377855676412
1083.0918803371778
1137.720019019811
1143.8694080004009
1176.2409878862286
1148.0663306724643
1215.7376673182496
1196.201848482701
1119.9233739957454
1179.2740039814378
1130.0379537774586
1094.7621083899594
1098.1778633164624
1078.2735114269085
1078.2602684652645
1148.956340279025
1160.0201961324976
1161.7682940565196
1175.66012544579
1141.1902565153557
1136.926042994817
71.79619123251987
205.23168644377645
332.0807064673731
384.8469001080112
486.52486300183875
624.8020794183182
722.9665042446862
759.205532990437
781.2205858416786
830.0185651780132
878.0927895479634
903.4972191250262
903.031504083203
948.8699842135187
1011.3665696856228
1030.5849353536594
974.5588905004256
988.2566917634703
984.1645961536664
1030.5681883748941
1029.5582285759897
1054.6503358515017
1070.7057056647284
1109.442441113798
1143.9860294878981
1116.3329883942777
1140.2134462234128
1109.5944059654894
1141.0505994267278
1136.728387307114
1186.3353002228403
1158.3861556455995
1147.991848162135
1117.3084531629909
1113.9466346200193
1140.1652684612666
1086.7684748799488
1044.4248321818054
1106.7203801766857
1111.500536066201
66.70997105422418
171.14105417345039
311.27782400184066
445.1984430624384
477.61060341216205
585.5574454651997
621.2316662944986
637.9479374783436
673.8490586812807
645.1971917146633
800.0423252149725
838.8339507391886
872.6745293991265
969.3376639278077
1003.6388961780094
1034.0603168217624
1050.1220295709352
1084.7969171431264
1112.7617746725077
1093.0216595008178
1160.2103161903503
1122.2121042641531
1095.4995785714668
1068.0672451875084
986.954554650568
1077.086339765679
1099.9279639392123
1037.365262649825
1064.0941796601892
991.9201566039166
1051.7514692133357
1038.6018648244656
1023.5450691358261
1032.6819325335873
1123.5419659424874
1042.0587249723842
1084.0507409494487
1071.3569616570946
1034.1320031802866
1054.9195917949405
71.379756960192
166.33659729332112
200.92899677128
195.78329430253245
101.9338348345335
210.3943003547854
285.0886644689833
333.20004749126855
431.48136204105884
567.4976775676357
736.4487863198149
808.2332925904445
844.8804127160852
905.5711449335279
985.2944167981569
980.684355599225
968.9479398442141
971.8995221746974
956.2630991499559
1008.2777869519932
1046.4531826809418
1037.8770726395137
1059.9805244273903
1045.2397162735012
1048.8249168495345
1070.2521499138804
1023.589951340354
1048.2000399167944
1041.4313045087365
1043.045471767743
1067.9949134041956
1071.0666358488988
1022.6694678026998
1153.097920480827
1081.0886881653746
1051.556376566074
1040.5455097458992
1079.1286792424228
1124.5260565658934
1116.4529043520051
78.89667309306722
241.35716175847944
311.64345178796196
445.3345528600557
580.6058483339215
631.828896148885
705.8437061005573
714.6500223684235
766.084910399174
830.8731915435745
853.9428125218607
853.2215795152473
950.8125170603163
893.2510637876168
913.0270022509419
943.5667147518927
1022.4193609533398
995.5195990526732
1027.9061974735694
1013.3153620123093
1056.1155287141837
1078.0935400561343
1111.1386379958228
1130.8827612925513
1151.3143318834257
1100.6923696595672
1151.2521611226832
1173.9845748692169
1210.6784235835014
1164.139292374318
1149.1969160097212
1147.31802831624
1158.2201215062216
1116.1180769905327
1183.1363070172044
1179.2629790160863
1171.6627081759223
1149.9612705060922
1134.4293157030227
1093.9007556745462
70.36323220894546
177.6021207012046
345.01767082505444
429.9119722878868
530.8057552008148
631.3849063959136
644.1082774402815
693.107663622305
814.3757523827096
868.7114431891055
942.6823238910574
942.6039564051397
930.2730095918673
922.2398102454313
1056.3568593583352
1057.308831452891
1129.2855736247518
1077.4859335645385
1090.4645835445167
1087.0036697702385
1009.9392349025546
1003.7050889772821
980.3503994981386
1091.351820163087
1135.0414066517465
1139.240792308862
1059.711793045672
1069.7029926543064
1169.1577535842391
1117.1399891533833
1089.8304008807409
1072.5680969899138
1018.4301600228615
1045.647596246867
1060.9014596918514
1026.2077724605929
968.1579780492099
1021.2110451598174
1049.1704791131724
1025.5267255276144
73.16669016159032
200.96320607972623
325.3197747365222
375.96029625222894
482.36242337361455
601.5149495428876
673.5024610070324
744.8131968610877
834.7816161444276
840.7914007383278
948.5678928588019
973.8024240621014
996.6016112947364
991.4470928662596
978.2259204798294
995.0304818927005
1093.5197178178475
1082.5839341080589
1072.0591223195013
969.677506284706
970.7587938298047
1062.167256542092
1072.7195288491919
1097.1848674702048
1074.5202659472964
1114.6556396219858
1057.57563591435
1095.4532908086821
1083.77384918536
1106.387377945751
1057.5462833990434
999.1838952248909
1119.7318750049549
1106.8365489837513
1102.0569826477265
1137.1982002966672
1134.6290600159352
1083.7737340071644
1061.5481930611215
1145.6111864486104
63.20844824156484
176.32156448477878
310.1159769813641
414.11073140109005
506.9497773201807
569.8237110642847
641.5736917904585
669.05807632239
777.4378249577576
860.2672627810791
925.747912361916
960.7762189668475
922.7448412863433
980.8406733460184
1001.6611892702618
1002.1362303142556
1002.2118363674567
949.7523036529539
1043.2461574993854
1041.8787744264785
1033.322318608883
1015.3574365009034
984.9075026902702
1024.8587396046057
1076.7540094519193
1082.765196096684
1040.877925755766
1019.7465211584966
969.7886053088279
1004.4923951372107
1155.466555710344
1142.295193018053
1056.1757170836606
1035.4109659448438
1106.6718222238494
1107.1657026295122
1082.43953330687
1104.7245722534499
1068.714004842393
1123.0002144541759
69.11331834150347
157.19249782177906
234.39639723470202
339.4752725995598
593.7063969163254
650.2415687299278
644.4098619683651
674.0182742040104
711.4779283420911
860.6175908550441
860.0658284532199
995.9862519967722
1035.5674790507016
1011.586940859124
1120.3643856627446
1041.6729951089735
1052.0887450501032
1151.0725321208442
1041.4060127618166
1000.0114661545634
994.5935324256914
1064.4249870494032
1025.7968167816164
934.3011453235913
875.832195870584
933.522992838582
920.3591009755247
1040.746913299271
1055.5517431433752
1055.8562545090751
1020.4926901672937
1004.6064920441522
1009.1887162038965
971.3764527043263
983.9913030466337
1030.2466521239091
1028.1738823008166
1049.1090775997588
1032.598349217027
1049.2784326203882
70.13492691476142
190.81085708296612
302.61940532588704
366.4357368271806
573.2581706859819
661.8485333662617
698.2954307288627
705.1773806342794
689.7070294205874
806.2902675566746
860.3204234620662
848.1315978060511
915.5179072424662
960.489454613298
1038.4983781898645
1055.5120057312104
1046.091954437929
950.5695566282506
975.0489040478832
1030.3652041611363
1008.5781289875536
1014.1807945909044
1146.409833478312
1111.6282297085143
1061.5446856720705
1061.7027743677486
1068.3202272996405
1069.171483395115
1067.4307006299573
1149.5719334612452
1138.3412765360185
1248.1260945909125
1237.9917245254303
1251.293446242068
1242.06922991366
1187.577807971945
1160.1008900763327
1153.3177095447084
1129.6644316391498
1182.5625208469762
