21.963740726139235
63.15637137181612
79.35543028202059
30.580650315254736
14.823143958793736
21.66500316234778
13.165855068022958
33.18762893670687
29.298315869013514
15.379356789366806
23.32394943315794
52.09924280054365
26.713902465532676
49.595329114121924
42.23589275467277
38.944335251679775
73.11055629615905
45.881441266363375
26.797040175969975
39.698831195227804
21.479993443341332
42.5852335034019
70.05693963986155
94.66626147237731
70.14506098225546
35.920729789011425
28.104978499378525
17.630025318270782
36.462427059198355
42.173074396662
25.135030027938218
23.66944261408052
26.12662092021718
44.77855349701956
48.13819950093803
38.992680310559656
25.591482320174343
29.39334773923464
31.57089497770873
45.61148590201663
17.356971822831756
24.28640512137422
46.39918165964156
43.7945168702334
33.71764572509339
26.091328914851548
53.98896404276186
64.39053333919857
27.937328346984046
28.47224648624946
17.561721583706458
16.656135173376672
29.002384563108393
66.87653422534132
70.75499452029545
87.79807266158682
41.01684961110694
19.797114269576795
28.112590060179805
53.231202327599796
37.73293775615782
36.231031236765844
19.402616922999616
36.51974893953479
39.07915158550137
36.7991332580593
36.43967432972749
41.22750643346734
66.12223268070267
25.339800247020612
33.197492366078
56.37374217687809
74.127339039021
34.246208115728344
43.33484653237161
108.63884641569842
30.90700068568703
15.626109119041047
23.879284526998116
26.2085870453006
16.722590544217958
36.75976181462579
35.41426240283776
64.5355903793962
37.24821801602589
29.95010600551234
66.33778315288929
61.85427861147218
33.564572336052926
39.45524266359885
38.0969933105471
32.5799240783556
26.850065239125396
34.33073901214688
34.44227736419776
50.14581343033783
63.97078613509355
37.345060366979496
28.22134485247249
36.85366450718357
20.844884932759346
31.44409712589963
62.59986132804576
16.714374475808444
39.89444710623383
73.64400496521893
40.2257607129853
28.376665398852317
43.579393759174685
21.700671487204012
45.85620015580993
27.20748345503082
33.80196938056419
44.638541469675964
20.559759807342715
72.22539696182639
58.48379158484153
55.12807240413438
36.77765172404765
58.934066123273574
20.53268962356177
59.96344049134993
65.00395139078897
28.791914562484543
85.30274248927287
62.158486101445334
36.80173624494324
84.94350749405075
104.09031725970267
39.836011549488624
74.7497661483876
122.18878599986213
18.977128985732506
15.66847875132448
35.50132490761228
21.929431032086942
40.385120563055075
58.322667881080676
46.10547548557595
36.31555738244311
18.067862126594502
35.974438056466255
76.71640047920067
22.635505285649845
24.360603173832082
81.89985516726098
70.81904821808816
17.066266187958554
56.51563467268414
56.677709851002746
29.3780031498465
40.787850538123024
49.815032477656466
48.00438833232744
24.784548034543697
52.97289694912567
44.02384338416683
27.63476761867362
21.160451912413542
55.09965013275927
24.975748817980698
23.144411467184398
27.416992370976928
27.028511627052854
40.70504951364258
23.65204852732827
19.759097073426
44.97054883362693
86.78070483090312
37.38164033268567
72.4108893965816
42.207492328682086
53.01213870442441
89.02743350471678
22.6471847659638
29.18569966229899
27.423436878390284
53.88508423465902
90.18038208015314
97.41482226070853
52.63249156639501
53.80914508695396
90.96450691093445
61.07018959776498
33.21427771104628
23.950357516832604
18.180676445566874
41.012992588032766
69.94772615115649
25.631421841042595
61.078613548030305
41.910330624239656
31.612773038452094
35.85071645983705
24.07349667965631
19.12930281457186
15.939272264615282
28.567069034286344
47.041714827436415
39.96142520538264
20.704357998495624
35.89510453148607
47.40101378237718
70.26782945829312
71.46430386526661
22.632846406919086
59.25535928430568
100.02332685647151
125.5840358434623
41.47734188765126
48.741789120813785
78.8926022521906
30.019198578676995
82.9267366324977
23.351935238513647
37.330393583709096
69.51865247627464
27.12577041109965
23.98962439861279
50.35555699889247
30.037640834987208
18.302091560235752
43.07330431768951
52.062696265857305
46.66627375899894
24.10202164817844
19.177335621976493
33.57221924195419
46.31991312176148
63.44572910552007
36.80879826249236
26.00203472825983
73.69068042249954
84.3589607523125
25.704509358859458
28.615232499625332
11.92002651600526
24.306965877989427
42.55343015954897
70.56613584230998
19.329753635419525
23.67863423862464
49.695828584167174
77.68526131960581
18.89400549101851
25.776194899698545
41.8820743487257
29.116796720690385
18.84114227652121
18.502576761484193
45.69085059361472
84.83332127827536
50.12877229036804
31.023017479406825
58.98978552844988
35.35778186261214
33.736229399648906
16.803191043156353
39.4092123569375
71.1595701269011
38.035993263725786
44.86009649319508
43.11301840057314
61.50587611131218
34.591302252680734
47.71617945228389
57.079594474074256
137.0840470135329
121.24570021476687
27.603491515491175
61.480344410178674
92.57669879483556
26.786643175117362
41.08920621357376
19.623193183933758
17.00842316061855
34.21744634590448
49.4906368936935
24.140186834466427
31.421183003992944
15.682561586503194
31.230748949233327
32.95364301728393
54.89165831839029
40.36668531280863
70.10776594842459
28.298808591744272
24.852786354775372
38.68229993344263
22.987073609559687
24.30882413294824
38.86445784698854
50.43305555900729
52.08111252868917
23.894881067936392
77.12804550682596
112.0130485739247
120.56987288189728
25.215121445530887
22.61129337562943
53.62253977585284
39.065443575302815
92.75518964993448
115.67988769286445
180.41741675851
21.269205090384833
50.19544291271348
76.49675415961771
44.30026666793546
65.26276650934659
20.19136606970834
34.54063941027016
36.0012461332509
36.4015661558851
62.12626577581172
77.55858427779187
23.06068190968831
37.21605929222877
36.18588277634178
20.220379808757794
26.517132212338094
22.336900278860274
41.33496703496477
33.96246379196814
73.18616480437397
78.75280597405342
65.01743245181945
43.546800241727695
80.36731815359022
66.94335692617095
46.49234345618253
56.434917771561345
30.84709766441524
87.78278547295929
87.73820652348854
41.60190508550827
67.73220421556567
107.50462594143143
140.15115746651875
161.38371242923242
31.782410324294382
60.85987882370046
103.31253390190102
141.951947990441
131.50017243783836
26.017110102259277
29.63072226792636
73.93682122478317
122.86818101998266
56.60620230349766
70.2278832244621
113.82494336675268
123.4436700321208
124.34629714050187
38.561362632837834
30.814683984642485
61.818869947977234
103.4309055967122
65.30498422749224
37.58702626351497
23.13478440476624
55.13056336084158
21.44060347051409
35.10050325574842
38.006142910661765
33.736772834677225
87.31545785485324
32.1598352033415
40.283190049006954
22.7624721994982
55.77913694493689
126.02675362595224
38.49748398549115
88.13228847599136
117.06997196885696
26.82998786690366
33.081735180443864
62.573066059205246
92.10682909321334
19.869218149960773
21.41400169245705
94.85817274599746
56.432057531662096
21.27200009259978
62.145692743134056
48.839363732555626
26.42438466053704
34.98114360194008
28.068060587439156
44.651391431284004
94.17588723014428
29.506406983530432
52.709283881050624
50.15877909407996
53.78190915724005
121.99196896409542
56.40556074636865
23.339641267262355
48.37161499150112
80.52097777450021
17.485869987580553
24.64616023365233
44.6114961088246
99.90793492352012
137.42121622509734
23.215221346709587
46.079335105154534
70.6547212956223
123.5441386163339
98.1852698419705
66.67536095288693
51.20409037562438
62.06550142629125
128.14276133084167
158.27044677585098
21.710784556768797
27.356420162834485
27.821364629123917
62.06967254585827
68.93472936346532
15.417720672699815
37.97709727391189
106.20941976723974
40.65114414818164
74.20537129455805
111.18313973415685
75.89889501077725
63.70879576284022
115.13247729296228
88.41861386110259
60.52987222726703
32.56916191831454
47.391656443236336
84.817113999571
35.76374773175786
46.489868641487455
44.66062306864376
52.84880085761024
82.44183117346415
18.095596186669145
34.72494047669042
61.2083614466036
28.89643368293287
77.95189680065702
78.6730797202147
58.60935679828508
49.94306289485387
57.4774238459185
102.7064711656509
55.24788036288609
95.20670965331868
18.29274486870757
20.131406873001318
37.65305196767289
51.15402153196295
69.13392373873457
72.99822915315785
89.96133883945731
90.92478385611177
60.363631072900645
65.55604254148469
80.21601688692006
90.25203196202247
95.93094383474843
103.42160084515892
102.81265419660629
94.8184871972244
23.691624476168094
38.86324535758112
76.07917376611015
71.6753917739297
60.441812885438836
27.499443535902596
55.762154310198746
34.798023892807976
50.15659760830209
106.61020131608934
31.521936352184483
19.698421962510725
28.108366099991
31.812545670488007
53.444993960239486
57.61741793185921
22.932471058079507
28.734487980766126
75.15723369716999
91.48629373381296
18.92424168223222
35.32723355519913
83.80359481920915
138.70888681022205
74.45323088630775
70.48005193183926
44.51007530102002
22.966583134420873
55.24162846886435
83.61489759787652
32.20192722836337
57.9715606699125
29.750813846007066
30.44807023779471
80.5638257723769
84.80779704476998
22.552406989085917
61.151524812380586
27.16999145735833
62.20254624090882
50.50812157826388
15.95803801369841
18.76888067550217
112.99888611918556
70.84170064885576
82.4007232473098
90.45132270299351
28.262010985457877
80.62701826423643
50.61223793215421
91.66489427025859
22.131792148534963
57.145371838064285
13.685295999756953
24.632191404927205
41.4334588394877
20.890145526692
50.415399977367144
62.59444998705957
42.96313596339332
41.67884083749805
46.04324184715416
16.952786883086564
45.502185489367676
55.80282455524448
41.680639776441154
84.67221585281028
147.2004476847297
76.78644191389425
39.16995640512588
30.571820142370548
85.79613240966009
40.010719491872536
22.140778082984408
67.43784161039103
113.92281438357156
43.662033989970894
103.31926076408432
158.09060433048606
75.08570143580431
44.27775358839525
65.53046897270418
90.19393775697561
107.16029791224351
131.40892641117424
42.805184579656185
63.05059938343288
34.04412199578667
72.75848604456726
113.10993917031973
64.75993386846997
46.54181210173664
105.70197234422942
29.39443392518312
61.922613198505736
82.92351716516634
34.194219006589385
45.38095255785463
29.606746855320978
45.65093201933746
100.22262605611026
42.12457560401281
74.16595638516225
69.827178900995
26.081547577751678
34.205015379263564
39.77125114847645
45.5731149514264
69.93828333421337
105.02208164259294
64.14303078661035
67.47064892954134
82.22894872354706
20.300448622457267
42.46303478364932
77.21379939886991
106.46765690362288
41.551807930656494
32.48051045074203
64.75048009721931
70.96543126664841
25.313813340399115
64.69694694423129
58.91352561431505
90.55441388896416
34.24399794679619
68.3890692397864
101.74848289039956
81.93915529458403
39.84906620302162
67.73163034745998
44.485818954882646
31.34024465810541
17.590547841720408
37.18984378918256
47.823302776059485
29.483833260691316
20.197850943197192
77.56934247307191
85.32347991876163
69.09011255975733
52.423094020299864
100.77790992860308
172.82597575075883
23.894207080908863
55.673509489260965
50.730266294452974
42.78070208089252
77.80098669674254
125.3636009747566
118.20558707167694
31.16202786914638
80.80093223341574
50.22098521879178
51.41462870808277
101.23755503430966
96.74539643241256
66.73991661125703
48.84355717298894
48.65500065932815
69.02921050424946
93.74869740739454
100.98727791175409
128.35446764476848
50.60941592316213
80.33766748313698
54.007166612723175
26.935394643369488
56.34391413936997
68.33323620469587
126.65525111295024
99.31590965704731
42.38144050935567
19.430668929616907
50.67722477922132
26.735484076522333
30.459417420821794
52.346161402602284
57.51848329134291
36.475208507382966
65.35815176300444
58.192713510225566
30.992836280411375
37.001619471839625
28.49419728021305
25.365760980354654
38.61230894128026
86.91111546344642
67.21534241326746
88.89531043470072
111.11174348581031
79.51719844282876
36.08972904131023
70.23202992184878
82.697980429136
36.05557349585948
35.71548667782234
36.68479778624732
19.608210710089274
58.01575134928029
96.58485910920731
128.95620789617084
28.139932765087963
33.30561588359923
42.890507941214636
81.17762854242102
147.35720846328184
96.711069048666
46.908060936208436
87.06078802419844
126.72780682171576
50.7278559127365
78.63945525674531
16.663090515670763
38.60663771939653
41.346319403550766
26.68885525287444
15.159069869948095
25.4778016791123
35.51798339817799
28.541803766793503
50.14200036564444
90.57878737537871
59.397514441007374
19.36926423899897
50.7067287196383
106.94981548244
61.476968736925414
34.791451469089544
79.29901760526938
33.33268240209808
41.868998327600615
44.53601097938662
22.474977509546022
33.58167501078806
86.91719693918225
107.85540528055186
108.11070892044177
23.92092848096666
48.43650078566419
30.84840715008085
24.659662713319417
79.10467881116722
125.78135256455361
101.60232680519611
24.101975612798153
41.87532936533482
69.65330558184263
29.188536823045006
37.80604426553855
21.94084864436026
50.55409091197453
85.28492410578671
30.379485481645858
23.85442201806937
27.991108258645774
65.16541175030878
35.76870803290931
30.215467789765135
80.7479367855971
65.0578627413876
53.069525003307
86.73691812917754
75.08874819457017
17.40605214792941
36.73415014225464
50.02680183295108
127.80006461256652
70.54996001697494
66.06558690211968
96.38367087804951
107.0715936505363
115.48421189637847
33.812267261187245
72.22058544487325
44.44221176933792
56.063250526341655
99.93328963733794
63.45855317400518
20.317525069535886
26.81298885372805
38.71324798424235
60.17310639759649
77.18583105126186
59.00766596960268
78.36472118481191
104.36407180138093
47.92568738010455
61.96870755138724
119.61398725281272
124.74161148154357
28.352469761676772
19.754701558073677
16.48461858671549
33.847265079425156
72.13522614409626
50.24296788354657
41.00357468408762
59.05647232457306
48.47673687224045
36.84122898863447
36.36416219924751
38.92976372566721
26.3259346356787
56.16218538213343
78.84696433825829
44.32248234953881
85.2135197007857
59.854923772570736
40.03387828636485
73.01649580338845
129.20121181934397
176.1350905652811
58.97212061871041
88.1069209326401
134.72216728347024
39.45643158826125
27.710386101948014
72.45705781370869
69.29196708289577
48.6176369132676
87.88960191449517
92.78953265169746
58.00349446050599
104.38768344876054
101.12551433613227
34.39882700975401
63.04862466003125
96.96733234495258
120.88187302114491
141.5891087668387
41.67428176622804
38.75544411904742
28.51648360236235
72.82462346557534
100.94617229510656
44.13875373069202
22.594000632457238
54.445505315958535
120.93194986791661
71.44687771044619
36.910035305951894
103.79547404142635
136.5699151030057
55.62058326236458
21.41843855704026
23.542648394476817
46.83834310270114
92.08474548628352
71.4671752582744
59.6086896528956
68.00990878048674
74.67097259908655
70.10283872058969
57.12649374716635
80.25541853682557
110.14574057312045
72.17946217815948
28.919092298212853
70.18337731617231
114.35822325110026
31.73560562391655
49.34342805333794
59.8902210905176
70.96984972560321
30.897615281803745
107.35342874732395
98.0020505106937
57.96000014745896
109.09483927698747
104.64945412727468
63.98728037191407
108.90777711580793
42.36929125242601
77.67839417908827
72.42482984543182
58.87753057303122
65.63330581703416
39.107816027792154
90.34696246252936
63.62304067333576
53.07912282979212
81.7891235098326
31.564357076014428
39.50035312606045
42.84053214043977
35.56314973915395
75.40867208340153
78.01333538840862
115.55627474809006
45.780807992824236
25.326267131462462
71.149558728295
43.636285478302
74.86639884950343
34.50623295377763
61.375252856785025
86.69555296989633
40.344158591555185
36.46707110067604
87.60919970816205
145.58299970921297
54.57690748826731
52.580898067471686
46.75028277967177
58.925071018814926
72.12208093636191
57.746750691941266
28.541429318567683
75.17724429206464
67.15930691957823
39.995563593653536
34.15169115894059
24.053688804171834
21.97032101425758
38.44544026569602
40.95817817606141
38.860122733763305
33.58400561853156
28.54768093831856
16.1415924867238
37.75571924574286
35.92393677184607
15.363813778042807
20.38525942987832
44.41640323575862
49.89282764010521
69.60083391652553
142.63317102607272
86.41953950391611
35.74083030508396
71.7862412995316
93.34533540090571
125.12735433641852
154.31759456901472
165.7978499734175
158.74117164033953
168.63143902985507
164.98900197821172
29.962251406774268
44.483703933654745
34.42358449091399
54.1158867304376
62.73217580194767
25.159340257723933
57.15682724092083
59.85719523158834
48.647742403422804
59.92165988056843
43.517313398448636
38.777456388392174
77.96945673308613
31.457342232811282
37.015477777456965
99.2746971176962
65.24353430732111
19.402313704439464
51.81491197916904
83.9035888345908
57.96671448768515
47.53849444139049
41.977925544896934
57.56914224646449
83.81647376936311
88.70385298294883
41.63045491974015
65.44276099365966
88.46516043008742
34.440757230169545
39.131995785671286
48.85837241956706
48.120060331014365
28.507875687143738
38.08149309112875
59.48028675689248
37.817421196748825
62.24041333655633
103.15560331544208
55.84939726111856
62.711433917734716
82.90901223874206
98.99088873564435
144.44131033555422
51.154078798895206
74.18193541377953
58.88227821662004
28.82672141680508
50.2310426918507
82.62227085114674
140.8654755480581
36.102505744210575
33.05271918735147
41.74524889891295
17.87049375288571
38.77780589480751
37.255262028667545
67.46488894641455
123.96267671066758
22.40680417089952
58.61939846102514
90.62540980300678
147.66296636662267
128.37586450643374
31.125213767540068
82.11966271657873
113.55084979630098
145.46416771920835
179.91949424808345
158.46407958927878
24.953001082569845
42.79708082187294
76.56876064480568
140.55248037504813
73.01996306495842
52.948131972647516
31.848520868069
55.14053914317177
92.60269851480993
44.037845551383256
34.32642210186966
42.455328824898125
61.03293643529117
21.2695741159648
14.89867981924228
26.726350048607966
30.41595996265759
26.29675086968089
44.39864629393593
40.364746605363294
96.452631793473
65.69365703238743
24.523358086660117
40.444805560897294
18.858930321794134
20.61044378490036
46.23521516799014
33.22393737541101
94.02812274922708
130.0527207996389
156.1822512473103
44.73598133860926
30.648176583060224
49.134871700122304
24.819047295514356
44.25358078378724
78.11121487752877
38.13690234501633
56.584370233908
38.30698678237166
39.485569485576846
109.39244471057307
116.4985538891645
38.010541885750605
60.51274936783753
86.218183798273
67.56486670458064
48.57904964172865
84.895761774527
137.66837366746032
186.05730545850417
50.31408156222169
65.91381248044054
138.8518016220077
51.814610446764654
60.613883507046175
58.652807576875496
102.36831598411668
116.53696168183399
33.25535684532586
34.72373855530923
86.00222540711766
124.79321451482727
51.77883588976136
17.66172468589267
40.89207742003339
82.32399669786338
121.85417456918195
135.4638297408873
136.77868939914518
25.504954268594453
39.36969107167165
44.093656362128385
62.43812915881791
25.548228014504854
30.189847107059286
70.59249241858433
87.4497929009407
81.59578884295279
53.319957234249756
58.15523357625935
84.16309395951725
118.85347205917553
158.17813877843653
51.495262456768145
41.38089850788112
69.23075010043611
81.76754154064851
27.408138796932572
19.26466253697332
21.71959350631486
42.01379073587839
78.92598447430663
84.05763388789568
42.97710796089871
91.20865261393655
71.30581719747005
26.476042793780252
45.178420627922826
86.12425212124182
71.95713946667703
54.36676682965524
77.55763502101979
44.062562443256304
30.096645861460566
66.20855142809026
100.78170229607493
68.56961541651529
32.268239577079285
64.14635053143988
122.04346625438265
63.570211105801455
51.384232001784255
73.90849812540085
62.710463901883585
76.25676873490565
113.72447927117963
166.7342651430583
60.37930159392576
28.093682276988808
64.02890270178256
69.87036935074042
85.67199824330325
150.10822741818987
43.46156214177798
44.445261330941634
41.20098822869293
22.874531614914886
52.400938629684404
90.91685064520739
26.314080683366964
45.91201831233225
68.45710623023498
54.69278236481483
66.9375933468542
96.3491254741215
72.76122324023122
23.439539528047703
46.04867437442775
104.01974406877655
157.55704418838246
61.18961348856223
43.96291567010032
63.86872315803186
34.12873744409411
72.81202307158958
23.359685784592845
77.15881287021055
51.417736106990084
110.83781392519852
98.84790358796832
56.65564299447622
16.483223637686017
34.85633785092747
77.01566952019363
114.64393392175869
75.5325903958238
45.9641606884313
70.74111951552756
98.75124004588197
77.94188921978485
20.97393904452659
59.05800644471701
76.276207381611
29.21014787562689
76.22260596220451
95.05802645363256
29.92458130411779
22.146057330939403
92.07156098920717
56.07186078313166
57.03112875165851
177.94001402187618
88.01885734277803
35.13181732640142
91.36246847569404
111.09161498395763
127.96847763087904
27.9135877619373
40.45512275817431
71.24930279167825
36.886876330454484
83.32463136302613
99.31297867187912
22.97989370682481
39.438378244196734
71.86264436843965
80.10574653747034
39.74042223198278
96.98223005799808
26.633328175970544
76.8153617322177
141.53557510010228
122.21666037968488
22.22564435475842
36.60691501097205
117.25941900395208
141.7359215538736
41.91733674216462
66.66872971200878
33.82732325120504
34.98970636497896
67.69335994493537
112.15835296630097
116.14437250634748
30.296336294200742
74.01676249603183
87.29903692707853
36.326215014184775
128.8680801980679
170.11286264967404
210.11155783496307
130.23150912120377
62.69359089134273
89.72364045190164
140.08098070381803
159.88297241800768
41.13437988387024
113.35559120540313
181.6030339710454
47.75412481606504
58.432697365502584
86.14166214048015
89.00329841902762
28.579287274014604
20.67743763348071
48.775834992737146
37.98916555476796
50.25978913789712
41.99062027212188
82.0506682557365
121.23920098616384
34.2876979795635
101.73493101744691
143.57378232466823
59.73050099445065
99.3059785540954
79.17799096120677
74.44036677510388
136.91059176367136
149.55365222933347
105.56937675780291
53.57542401686383
107.93323902709766
39.24667314258637
52.53811347704727
23.967931595331468
49.009642357124015
79.42738699137159
30.95497859730833
64.55697269680266
48.1355177120639
86.89918865190717
87.83784534979254
37.47678379540395
95.36518825008132
44.64011667281022
25.096262756345876
77.88116850301594
55.16194442813708
40.26189317696726
68.41786447238798
50.3538513203507
32.02660170356824
24.565540117851594
43.398090471415266
37.52917674086699
89.04597080269141
122.43333460130906
69.09925458063971
101.59346249844654
43.403586731047106
94.61028703324024
117.94795923493689
18.518380651061733
42.93309992641764
82.55731378622897
134.6207228364497
49.71482607749778
106.0235929474014
144.4762101308786
72.30283429069242
65.9672317776119
106.80612617688497
72.50385615341428
75.98582653523371
113.75288872918144
66.6084959207093
26.312714172115456
22.339780289011237
36.10437279590672
60.244203155593404
95.67639422447924
23.74118523001489
35.61779106875384
58.943540125330806
76.73010691787745
115.97818226434293
43.20741875797901
95.57947838964098
134.9915309510131
145.381682895592
50.34968053921418
81.87928028828671
32.57682785628531
52.97914907800203
30.73145758179455
42.13456664183113
81.32978428084226
58.95856091024821
64.10957977425099
96.0091696676753
97.6343234527554
69.89195999375112
72.53536257490839
144.10701108132093
136.9910396395458
26.657311975741013
79.72326257054415
147.296231465224
95.22706746471408
54.899360817093076
95.8391459865835
139.9933569052687
36.742138826657566
43.188046252775194
60.641589155089406
72.48135841189834
87.24328999240207
26.070945829347984
65.89030892031832
112.01842574684053
39.30591323710953
81.17019885150398
109.98570176669459
141.1169535613077
79.5752477930083
52.89036417204277
85.5127066540058
74.00528060858191
48.518844372990905
42.89181720318057
31.541593504886166
69.77113530343712
19.69850163974886
43.24077123070755
31.85244305316714
58.13353090723303
25.1634454658336
21.032264794618044
30.20188197052132
39.535346605235446
47.1855846352954
78.7106725850075
98.26968330905054
25.202185775761002
67.37480668727376
98.8154849749789
48.87916707650724
104.54868842441692
116.31535203002178
31.100203980042284
76.72190637327287
83.43731801244792
50.08100007497677
111.467236269136
46.758494638877714
77.53183919981592
110.09288940894184
77.69125100311055
64.91040356201071
86.4461681861701
108.91653096332136
70.9037100836985
56.59479969342222
86.27632454837551
114.48282642850918
30.489003101548303
64.1340276845289
106.36860712903616
138.737076443257
57.958080790902635
63.19849648045572
105.20522902613331
19.11938784101249
53.01870331305412
105.07628196102651
27.744455963136446
59.468247033104575
23.816897311158655
62.41619963779408
20.40120539171674
48.08712149115806
76.50695918829582
28.63035960134661
26.762878252616694
33.78843614154573
91.11488895238101
134.88357336961275
187.4652309926913
79.24148515244664
64.26059856661927
107.17707352582875
114.40498182354175
28.113849634960854
46.46980125729715
73.59614087222968
51.68166624979977
107.89340336860515
186.9211415409329
66.33367384771213
29.605882920970036
46.313562318456974
68.58788730775068
115.44139087236542
87.38298132042922
71.22244057813876
142.32229271052856
29.194309327573222
83.2242681397323
50.24513889384639
36.87889843143421
62.0345878404915
35.749465204991694
32.056320003878554
93.95887739421744
32.95831107755724
58.43225377207085
41.2462295063158
40.3303446669648
131.70672654883322
187.07436236077555
68.75168691111138
57.00841702854808
87.08664234139289
64.91991307432538
114.55598130413051
107.72745898741434
43.26775588701374
59.9514128678142
31.612875323783168
30.87505162760987
60.40682116881918
44.87228924294845
87.94459495603665
146.04616837626912
204.7173096134764
28.690486055823587
54.16868517607037
81.87243567948205
86.72360074666076
28.76275354642356
89.4480819217282
77.7283180698982
63.45551605789528
84.01213555935546
88.52949030064063
45.41999219007315
91.03999391545281
50.02306370825876
65.18882882160868
99.42053882783752
74.14316479860625
38.100264831154576
44.01625511857985
54.612614574156396
62.5714411063863
76.25300965266361
58.59784011123834
57.1229289753315
96.77239799554842
109.1456894973848
36.1243757354308
59.96193308591914
98.1305365335315
104.56178060776905
68.96576050133459
65.29086824035255
39.90615559348732
90.75155914362612
128.0281006285219
118.76043318604698
39.87301634172325
95.0638133327274
124.60019291267827
69.66209124521747
99.68237381467654
31.48218795835455
52.856199055323536
90.99804220446595
126.02182612848439
88.54510226052291
46.31025941975325
57.10773262493822
114.30539124090492
197.14225010446674
38.08362382341675
45.070021507759606
40.732992695081364
74.39513580110949
127.10688761313915
176.6882111334863
131.26142830558715
56.243425124510495
18.321650429005306
45.32819860238044
15.00715239246018
30.810909563152254
41.47918666205939
33.99791446725403
69.66465378117401
50.09711889546388
58.24488715660736
125.52979742415638
94.73567679432495
41.66738616649047
85.70093015287159
132.9351301818265
66.76175869222158
75.96200026144008
54.49061288085948
56.32703452869217
117.72814158935394
107.76629876963786
44.111818480186464
104.15234873196701
75.8591711703692
14.722257303252933
30.828888071155834
65.18863918598404
60.51293904124979
30.06835658873501
32.66410700140571
30.451615405230857
61.85403327428164
34.20823252037559
34.05912000758266
92.22175563840233
135.93848196120874
60.58181085014526
39.23945735725727
67.90387575215085
108.6129593227639
48.38257187060489
30.59454216294493
78.10624338668718
113.18227112561364
192.4407371565543
71.22270930153431
64.23143194349407
108.73613809904943
156.28445755772867
203.21033621334342
46.92250423345424
17.321838673942402
36.10196920788601
70.51097222606971
123.37068756337018
34.3934843315597
52.482282621015855
18.22678311960732
57.16185192858258
71.44397864225284
28.63504379762866
65.82464079313772
77.8056559515255
22.989437374786984
50.44032159466427
136.06619554477388
62.44638824216648
57.66778267499544
64.95887809924434
104.93806689733714
52.286937832782904
102.22072560988434
126.20055394633484
35.954652216810665
90.04883885942108
136.57268732598962
53.33930579652319
107.59944909649953
153.37236884410405
99.60854482308001
47.4795384054012
37.526811221598834
82.5321993385262
99.89249567787125
136.0826011550915
17.31441837721195
29.800691056618223
68.56400957073434
106.17547927068162
178.3576240992328
87.78405918466547
76.10553515145168
144.14627152985847
39.94811259430123
97.39653346798855
41.597995286481094
42.69874806326899
85.50337570284283
104.02727682129577
32.50927888498053
93.57777275817475
69.45757087693906
34.75401331979806
85.21558964031975
107.48243448781476
85.2780568571474
54.250718426781354
92.78826798471806
128.09142695439414
181.21581409313228
81.68357418275879
39.257768539388394
55.30074016313164
97.03965009924332
145.27266150625957
102.98922813858847
35.50425505178507
75.31426650086077
55.22619606174886
55.5030440023882
98.37434046275892
