13.681888403048834
14.749759283235926
45.51013379168172
40.05293299125523
13.515714455436024
29.891781833570167
53.56153531993376
70.24576329067266
22.655674633070028
32.477540606963636
29.25026464520357
24.294783932803885
13.965112032507244
21.628221737532783
45.93146478699769
32.99553007442708
36.42934579353454
39.6084687997198
30.49692991689524
28.921957442507978
68.40134347145751
25.345322865852363
15.911612978830679
17.047115246881134
19.7532069412575
48.620822121746926
61.18921667490038
50.958357754568226
19.97669163004907
31.110159661246005
38.26368533027613
52.67326624982058
89.0328094506761
18.308352701577828
24.52655916250815
24.477474191611243
38.87548655929596
41.08014172530883
60.103336921739114
30.665127688811115
20.540503359520297
31.70927215473165
42.20364326208302
24.019434074338168
44.527590987163386
28.875324472358685
56.81946160972379
17.09447030352199
18.160017605817362
37.21004811936669
29.790775447383357
48.53225636618995
50.72199058963561
14.962829776436708
34.12862295032134
30.951989349289114
59.86314367713079
127.8514544252031
49.32610558948481
37.75330830588436
61.61581562651369
27.113508644919158
27.898169516206995
20.242178821948762
14.483139561555461
22.239290424748646
43.841835842743095
48.80756450806258
58.12448485112722
36.27147722780048
31.6406412731336
22.105248946376168
52.02542891405921
69.48741614953491
22.538229159961244
22.0626845414298
18.01949704201328
50.02510870971565
41.8174947328704
20.142211723049574
17.74584665874366
50.836629318108564
71.57437300394525
20.577316807693567
37.63388694206005
47.238908674968066
24.591900262264016
25.183355141970193
37.49705970642837
56.03138030327384
28.771460354211857
20.436674103049334
18.743349874632543
28.2799655131846
49.95269394387014
56.55246307761778
38.872837859040686
60.31230398053807
48.81866180819599
26.807532759731956
43.32273493873289
13.492484137742057
22.746203510475496
45.59047819581359
87.840119948759
15.887030062904316
28.172001545560953
30.64958235585033
37.92660932823595
44.85594877674425
57.62138266117969
16.738826282151173
14.700804625016936
16.138150061622227
18.86591453891668
13.797120935486411
18.091787499265678
59.822074191303436
73.8121324393852
50.772411757486886
16.140408304488584
13.315622561973294
20.30533413003305
19.131785226227702
20.474832525531937
40.15212647761946
74.33381033803354
38.59756120462942
21.058821145538936
38.21182773661333
30.4345692744093
31.240934974930823
42.84427368653674
60.78835307835224
15.495555975385807
27.938605331109287
34.285338904277246
26.679861007134694
28.736391118161695
28.442353113891752
28.22776982792539
30.684912136613654
23.792910629738994
25.894474729341507
27.95283730841722
34.617164934687
19.530907741414666
31.787049812977163
18.610001896725233
33.16442881821658
26.21892051016628
25.84396301586049
34.52605360933938
30.751284387345937
18.332112434334405
34.78872787907219
53.4497016797789
67.93700322781852
63.30144579823311
64.5379604467013
18.891134650704874
55.927216767711236
78.01127748486273
54.12024453794594
18.42083772004264
29.989626985505804
21.1721127922465
31.54188553612582
41.03013743339585
54.51374671703356
37.90138234630645
25.906016016370344
29.762962523049506
40.58452664989139
19.980853855888455
28.02395963408483
25.70352814623618
19.390996490972316
41.00728519880885
53.213847852757965
15.19220421300592
20.064637238657276
49.23112680393426
75.79287996024344
33.6198061931156
37.87536896901656
72.03514381115596
40.477397811481936
20.451455675988466
16.64782992160294
22.407899891379248
39.01773904601889
30.224512501139007
26.010394442648533
19.968415055926474
25.739231949782756
30.10113003526535
58.45483242965652
30.563686996189812
36.1882738679084
19.25856557489483
40.06854209896657
59.84508054455732
59.54088589008934
22.577754410896606
17.914528881964234
36.60888178670213
36.9114349210739
31.351425129452682
12.79548809753844
16.310536909977138
26.825806957584508
50.76947058556652
25.970456871574726
61.882763471689366
38.91443610971952
42.6645981808224
84.43904161691644
99.55406126998156
23.66111984021045
54.0188284624691
43.103980564001596
47.80701848989048
46.29111445377811
18.871288657645557
22.425103537423233
61.266541855892314
54.528323141117006
15.389953154595169
33.31196645865184
53.60403174772234
92.18236312881561
43.64722157444145
40.45986913959883
44.00188265848353
48.0129327672017
50.39481885214302
52.018077826441235
77.16991841452278
36.89759853825659
18.641928999227844
21.027334065420757
33.80245361985648
52.39614167653563
28.46586922674682
40.546440131474334
23.258391558457944
63.01985155679392
80.98847565113273
87.41050810986242
100.74301969151495
96.0965340155336
52.292423201170365
19.623401949637387
39.07297691406016
21.728028111946482
27.837548940767547
38.10990765962115
28.83128314497305
35.780932465207385
57.95971195085701
31.505933520820818
34.93803480030251
25.069146318841625
39.8582440892787
41.72195773434905
28.564597251323967
33.00188575213532
17.42217308735228
27.729415414591664
21.52078809067421
30.310407428059648
27.960457906147276
32.441073740179476
61.88804348046148
61.16253480948153
53.253008973874
25.51909582715811
34.728070149383015
64.78189012256937
20.775380053378182
19.52601842363132
21.996372712847105
28.177928280613532
18.58774457025073
36.650118076184704
18.486815392011554
46.320882688112555
71.73537888797934
17.642259696205414
23.341013146062142
20.406505473051745
52.217844444290364
72.01493625437053
20.84790851168219
28.865030400337357
18.786410567463484
35.877246963187936
24.507450674747705
39.66006445742708
31.944510472435912
34.730119688637856
51.08272124696131
64.12716990453264
30.552546736373916
52.310600228586345
56.50171965039158
35.38434766461493
38.51121935285508
56.29247842236255
74.1867294360111
37.25457277649941
31.020924155711608
15.673018499333532
20.78172405178359
35.382611090346046
40.9770634420042
48.39085521464149
30.989347947578725
58.72464963505909
20.240973179164303
38.702336306884185
66.61538158540388
85.11985922983285
103.40385327393258
30.83926992676293
27.732662191914148
32.63906494655718
55.69537118657973
75.95841305540397
82.34901925563221
33.310340425435754
31.14425684021772
13.836306353988304
31.531840939194147
57.39444849547147
60.8011795312113
29.973520088241553
37.896832202129545
60.462656732845105
74.24273143788783
54.67014785007389
18.769079839469537
22.61919715931291
50.406032963982035
45.32447791208932
23.84706879538975
21.52199005982411
25.132951354508464
16.039605936225502
20.13603978914934
40.02287902981454
62.45427718597862
50.33419488055768
40.39278865012074
105.7856960714508
106.50187115883502
31.689897529516347
18.068376009972447
17.791800532229036
25.666946012467903
58.92976366427056
81.45794768497097
21.0406844152688
62.410460643530975
62.204689338711525
29.513605239674572
58.69053057925675
29.643965382514615
92.20574755122489
48.93480259447827
32.53877569082037
28.917321318766945
39.32475856232028
44.79344501732497
70.13525185988392
76.38736929896312
72.15097330714782
24.58705087782375
22.894087877154583
20.172836883264463
33.34573898390097
65.5495525530556
53.89677811068655
15.10357100662669
17.36899520759922
30.577034320401623
71.82636853149027
32.57381434318567
16.771231610499722
65.01232454290601
93.08253016920938
50.62079583779518
31.847567153274746
46.371016059170145
18.362255034631204
30.361845817495276
47.976728282811
21.959366458029432
28.167424736009295
21.21227310156439
23.728483461166835
38.8693693321574
44.41490250145353
26.922977998903566
44.75112847965008
36.14715318604559
32.86230860127345
19.858494710494455
32.07419344401814
48.40156549385046
17.35850278631431
23.921282281601595
28.75539124417751
30.226819459372507
27.135034914394037
19.67021033269653
33.905849116349955
17.203269802362183
18.14434934147917
37.67006635044655
64.35459513028484
37.11644510483014
21.107487981790023
36.74283191134034
42.090976963728345
76.18930935991052
22.50119294327523
31.407235519628554
31.007087382999803
51.87846407344044
38.21304377399757
34.084762185196865
37.74591407254915
30.194242156805583
18.352568324144706
14.429184215212835
14.633752844511262
20.68107244806194
48.73159926352344
25.32709705454591
49.45977091464735
28.920608695931463
24.035312174615598
31.90336219997389
48.698189619031
23.35524237854225
18.865320920795025
23.90946716647841
15.264736619219493
24.305780338108367
42.1827803685895
71.7411330787432
77.43398291042992
23.387031150679135
24.418503557729608
66.10221436461096
23.372664742133193
35.03694031354391
20.96840123694349
26.780490109396183
21.240719252278446
25.1237172340123
33.503093243528035
65.13472231200834
33.5447518953934
26.970191818297323
29.55259156611565
21.47051254916577
21.383565333829328
28.857709741862802
35.03706016288026
67.36496221978842
62.11986657925586
23.73270469089294
48.69257371639268
83.44477044351149
108.06287379758204
88.3084484314416
20.860078663040838
12.883969020620848
13.69128798075204
31.01569111589115
37.796281084076995
16.926393375429463
17.492734686816444
22.152328265179097
37.09329160816548
25.827552857587627
27.605160924235427
20.68078434653517
29.155407266281692
23.060925991305798
26.254858002739304
23.102149121274106
35.50865396576823
23.19139948477321
51.8584332202569
62.27795598235364
46.475526438467455
34.44547105919975
25.82328731414163
55.06587159462662
64.65509841508074
27.861014443737965
65.88831253359668
35.28098450049373
31.028911555051206
43.58395393332986
77.01119721034664
35.277066239972605
28.191907303529078
56.740157462222825
40.96002130314868
21.359131690592374
36.268609820813985
62.977444374369824
17.53111986690655
33.85793659737026
17.6340194798016
22.46109633666556
49.14044417267124
30.29176789237062
21.213890624471887
20.573148917032594
37.39202714347167
62.65107826929947
54.58765711635792
18.17801324437389
33.1956684283929
24.806926463205375
30.59099730805593
18.991121193964425
33.076187588819174
25.960097779941833
23.82945462576227
25.43389116451223
31.76170727601877
21.399746593688718
21.40574423710408
31.414842016415353
37.37562420870159
30.62521699002786
25.539003296644736
28.024360972851657
26.731798007524173
47.3212338321578
40.655389533216876
41.94086655446476
44.900107809038275
18.225925285696057
34.99006459324523
20.82572551290131
15.612651630951405
28.127313293450086
27.434982548965753
38.33035963459409
39.15978045309364
18.932949953584817
25.82263140449604
25.65404366724247
31.16096190920371
19.081535375432313
26.94674663388699
39.34670226002253
20.029572050339006
33.28279476939772
24.556798330071025
22.50278364461372
21.072026399240873
39.224226077037855
17.38137071846884
35.77086931938126
39.884885351524424
47.45562276945825
16.288070723631435
36.256987947666886
55.85860297989764
77.28535640003012
68.34155679898977
24.387373504941518
31.088273902549425
17.77637244048906
34.64308965033774
49.859493237457265
30.93369768326498
20.624009311651644
43.1148077742842
30.08595483390476
57.42819225894007
17.41275615538718
21.241156336343956
38.168300025983974
19.063218317633517
39.9552061553599
56.76958711069758
70.35970917945707
58.36168744134676
40.109761296231724
54.47845587395753
26.51659421508574
51.80348698769762
31.089581069683
24.853558857043957
40.33353014852584
57.60023463246279
67.67848173387208
73.19220581463836
39.27904838804372
21.090803282934623
20.656780538390944
46.45880032136169
45.65197832265592
24.902039317077353
39.262468684742025
18.937123111538234
35.64373585972708
38.368506240977304
22.273897244804203
20.186037067560925
45.27929183445659
21.66104064167061
46.00004617029581
12.530913992790712
28.70159310789317
22.821755188494688
30.786244214902915
23.42543939435973
46.53539637982057
50.15126030534301
28.48898204973908
44.1212523237906
67.65382699253084
71.38723000367908
18.457404392191595
26.305636609515275
30.589695370198292
18.329086929184232
57.85332407966122
53.385469214527134
18.037562601357894
36.18175626638561
61.81647249712219
63.86590497811213
77.39773805065869
58.5822016570651
41.50553549980941
58.95304257750888
73.66681697692526
86.88835714786352
53.95649996739261
49.91282966956752
43.50530856712565
46.76709427487456
87.52351251603214
95.1916260807532
22.523761536856707
16.798948704065232
34.08582079591926
24.606693459899063
28.733235835560684
50.192188713858975
57.338577957011005
82.331439891752
42.412748823321266
39.68602283338591
32.511322162486664
26.481571508912477
15.874167038601701
16.80818953364708
14.06456955320013
18.27277654084964
53.445918126780086
19.4898411931979
25.172753519276704
32.638421110215766
12.598387887326142
28.03289269188496
64.32679257458148
31.41732189642434
15.0650374860864
37.02237758772513
23.985489093418465
28.615802379285356
44.8941836929869
49.46394287611059
56.40146188640382
112.83592346375971
25.702133654648385
33.2934439309036
11.90836314918545
32.68725307948851
41.83622619310168
27.5470690183018
23.070948429128375
49.72968909226907
54.93540976845783
82.56509460632262
22.49298607793336
14.894558554824966
15.760516974904515
48.81284704521512
57.701995401340184
31.33672843702825
18.595131488725613
45.90363163736211
57.18295825118551
75.82137377019484
34.499989722226964
28.88560033613871
34.715487763283036
55.11698715393117
15.345468437661362
28.67186092064363
15.070938103302913
36.8109374545118
48.999588286337286
50.33004295914264
31.059437266027388
25.018023800348026
17.099550861439916
33.79151004172117
59.77063022999659
32.32861350683332
38.42623870430588
24.88556783783958
22.01909263311969
21.389800166688698
43.71173813567176
53.89096516520977
27.621647488444392
32.21090803976174
25.377065986150576
30.465450377421092
26.408048966278983
26.30109003314149
28.75483623084183
31.17074209013362
27.167915907150856
33.69142639046014
62.59147875974894
26.817184844488438
42.200688610227715
58.74568871144638
55.78530759224121
17.71992252413401
63.064267896506145
72.03919760484685
27.964443170061397
39.883949864755
36.419052888882796
53.768145718347796
36.285464663928735
32.09132102020483
55.236722019124585
18.06597633140244
45.03296906197992
70.56982128553008
74.5266939623182
53.82991736041559
24.98847832154605
45.439897775069156
17.4865949293853
31.97557068220821
23.379801802580786
42.842772440403984
26.663960839365007
18.25868799866777
20.14632239909254
39.78314997104304
55.868796378221056
27.80499855320265
34.39389600515911
34.840943735141614
25.86765834101558
31.611661068295337
47.44076820656602
32.63203752466987
37.656811689434456
12.223633167294444
35.123789350057805
19.83739442028809
31.296103723989827
50.95293013411363
26.11519028055756
38.776379553768926
13.436107801112755
32.277814130565226
33.49434835818395
17.37709632331515
37.28493933016321
49.85621346952481
23.33846796341149
32.48276708124892
29.224461227363616
16.19514047945989
18.111842001281033
13.56672040363038
15.584686503987092
19.47182146524062
16.26462634567968
37.04394838200939
56.82826645821071
65.67279815328831
19.785991746275673
41.44141821818279
46.5855762282596
48.09786018609098
32.46749946200608
13.365703363770892
23.50059521061629
23.607804594331927
40.97756967145239
62.12329551437432
94.16835664567628
50.1844001135755
14.390616458396481
27.64071223363031
14.021008025458283
23.339942063641136
26.482313281980357
16.78722773478728
21.83258226442497
62.18637618862384
72.48446824947334
59.862068348613626
15.945532795916465
24.09099415221317
30.33498517554315
17.308038040731425
34.41957495040566
16.9875993185205
16.686223319807183
29.791498443137044
19.817151994086625
22.925505009473085
19.30283073091256
22.522933355769784
27.606129703562925
48.514746449132666
26.629418479230747
22.508760843474242
18.160820701410906
44.47507879443823
61.8674752065381
19.31012299744699
16.90329290614349
22.603405563647733
26.270760110398182
45.20190991203054
36.83985746821987
24.39179569866774
33.037951286844894
26.236179304414915
17.849429114150972
22.067386215938438
46.66478392803286
93.67110520408123
63.745430125335886
26.898289631620997
52.20840214789557
69.70900639306565
93.13780842408372
70.25245246420667
22.486084727854838
39.780088662964204
28.204914931114217
44.39206213653536
60.17186103992013
59.79354087993241
19.53223720896393
40.03230906832085
31.56577628179811
18.290326395115517
30.328258040610024
31.15256565370676
42.52211639958245
53.0830516454488
70.15287205968953
66.84149202029165
20.69499002476304
29.736632179363163
28.18283463047027
48.66085580441949
66.62640039821048
31.53022169377008
45.64487834520442
19.26991515865427
15.253274563404487
47.09805298377936
58.50517625479081
63.718129103283566
47.67387491622573
23.245822934245826
22.598770639560975
16.741750161119345
34.24034609500935
30.009354068915222
48.46737942644188
61.92620785182832
26.96881178045128
22.170732544870724
16.398665217073106
48.70406873901192
53.7319770722668
40.054237212459554
41.42826904883842
23.145937224240345
20.34993224958726
36.95260853683461
28.0968365412358
13.241447548345514
25.03620790945896
49.13032342020901
18.328671250404476
30.707308039511933
52.749238890468185
22.44978085365145
23.773777797039198
36.3439999116691
16.467443390148464
30.095724480246034
29.62674552588879
20.10519460026435
39.10007892447428
68.81934188762004
81.85441129192702
34.21382785945341
34.02541806148464
47.725594529737414
54.76395554501061
77.6298526007515
93.84221322872665
119.36522755452056
84.77729405263692
55.064133657326764
48.75058792352938
23.85520212898261
32.05981133043033
10.567549114378481
27.126665053678636
30.76322329725198
45.153420531060675
31.955956780770176
27.63825666736765
51.49173442949845
69.33920619278581
37.93240607667289
23.57995750642411
17.533214135387535
28.222483719711985
41.049690032003994
38.7704184715757
16.39317107644124
23.80600985990983
21.862917997598792
30.9106638168689
40.16300562802732
21.6897446918359
45.822002772112555
24.59788007268645
29.437674449293684
13.435768296642348
21.338551657798508
17.926923311352418
36.24382050817668
28.169003628538107
15.274914929498804
17.106217008559277
22.455083964161805
26.57729839511584
43.600561654162526
12.694717739470232
19.213789655843676
33.88934505175997
25.30754707742803
39.16353804654631
22.15873404288049
25.04001827788251
41.34976923434023
32.57432772280373
57.267512891626346
82.64193695149817
103.59454553266997
107.91816545189447
23.921674417271987
22.126510408156484
22.768787552603346
16.297355459194016
30.054280878273556
58.94945694664343
61.975313332119065
66.67179171799933
87.28188149182172
24.944485635826272
38.297943199617
14.872337803549897
23.250582419974524
47.96794317708117
69.97667376888475
17.93213868040415
18.04397652038531
16.51587510547802
31.179283444076034
26.47963197055777
19.42904544258371
24.692122839383764
24.26804795762839
38.845407673092275
35.36568450576991
28.744074045492706
54.07742536065208
66.84442524345785
51.44546627623872
16.63499093990452
32.65465049895746
44.78495431940396
28.459816678377106
21.327360011918614
35.06580544066183
35.3262114473878
31.71225881712385
32.14439979577441
29.444415497368748
24.25383769182505
14.331736565878831
20.687877014154765
38.17970525205775
57.721548822013965
76.76582705395305
109.1718087850457
40.017942162760036
42.678238586279406
16.340208998202602
26.086932708982967
38.86298679674775
64.6308333305927
39.64892068085306
32.008563508760396
41.213977173099494
21.537297945320848
37.8451115258793
23.108698865780443
52.7370999595337
78.22970655347261
95.40729530815463
112.86897426981297
114.46326121312525
107.34499414392062
109.29891308013075
105.79711827902425
100.34041724222551
109.83621234334034
122.86521010889278
33.12516494412665
19.89285419682545
23.36774409136991
31.69968076617155
19.513937242121973
37.903650059409266
46.651026884433236
43.97606470635201
45.54087077382936
55.01475444953112
56.58155674338132
34.49658061631632
50.448311287369854
57.13334938554432
61.43048104316382
46.15550766598894
48.48911832546013
36.85081136028715
52.259350859757745
66.44451197489354
82.68389495540613
20.699635734742152
37.681789365800824
51.945029673376524
20.31390435502522
34.58559457915281
17.964149144370605
30.583902522557764
23.24972184232991
40.59637315800196
57.27276265490694
36.05132319795413
56.103498475299745
32.645017937678816
37.73464307777184
15.165954508044372
27.574703789126062
33.27786754713545
55.71701268222327
26.278693476033556
44.29263913658873
58.793396786838144
78.1580598119029
88.30961896067153
26.9797322852665
14.214277923622005
22.420006819413732
55.216808551874976
66.23475877309711
31.540045755266473
41.31791414636218
50.07814383747027
25.47951810853997
26.85204763162506
63.916904472799864
19.102413540832814
29.929344315163885
35.87050874767016
20.724929352801254
35.18457381898373
48.461843824382505
14.810139750473558
31.591265564080576
49.62358911304392
21.924031680620683
32.854577124271
15.072993286451934
20.883634280752354
34.486492404090136
29.429573613147785
29.069261794384587
22.938006804853664
22.341568112853214
31.36068509172362
44.13601497698206
38.70218395439106
30.98729319095296
24.833777744228946
28.183331615061967
28.691894836081232
38.17484500120691
31.605618977744925
39.23331094801781
22.096835514249854
20.197561587975674
13.893275955690333
26.329267997658594
51.42479289177534
75.40361250260355
97.08122813461235
53.44694818552857
28.823745063337096
40.807740451497104
29.582847263333406
24.284939375984326
35.56104205773314
50.47956691207178
35.07014401093249
26.62402422666267
35.13588665365553
30.86499597444414
18.504981822189503
28.170048892175867
46.0552142486717
46.71467842553286
19.820566464344758
14.407565213027203
14.664098604018486
24.092839518065368
39.83246155381242
28.606957413990823
32.26070839514746
44.48294597105312
15.801781660091889
32.33865346657155
40.558646783781406
20.704838643191984
29.549085725978983
16.372630687442822
29.83282584692895
41.90993681768288
19.144502457691566
33.83494980807016
37.49892039227375
38.67077880429683
27.94873462208598
37.05195695668801
19.123980157367846
30.11456448944846
12.611846454440572
27.65459550779213
26.147135320694197
27.102724474675124
23.367986943749674
42.080270934132336
38.06318698008559
22.428061065373054
23.62878219938501
25.64234476634208
32.93950051174628
24.409152543085135
19.91373969189985
59.02938793696078
56.86974366793424
30.597039652789046
55.62674818254291
21.64963411926715
37.702298743436494
45.1853312052266
65.52726217131917
34.71469988580928
20.81133583867772
43.92501064418176
31.196356520345926
23.248034377055518
17.32138283384689
20.78365485308289
24.598887385729086
36.17227358899303
44.587407781975415
75.13230767477341
25.13626803355653
16.390059004125465
34.378442576439774
48.83027815420771
26.574356605704313
26.894741106188082
37.63910109754626
59.0963552262545
48.259489011098005
30.509979222105745
37.880400839164416
40.5909611492063
25.599354968663906
26.66952969031378
26.543598423795974
59.247067820617886
59.14046259456999
71.69673482081713
33.68124945929272
49.84871453048072
22.58170247344467
18.70002474371268
28.455926158779896
58.31409339725242
63.317981048732285
18.986131871666696
28.632604419659337
25.744047446695813
19.391934586410795
13.001166266343995
12.01104552486426
21.8279576378719
45.96050361484672
25.39465225589705
26.356123686674483
48.83988341082574
51.758234220856146
23.80341993272488
49.24293532005472
61.31611722079865
31.01014157942543
27.600931859014988
34.87173667473792
25.711720482484523
25.898619756651797
19.265452738836387
24.16067618398522
23.65512380587063
29.410198236149444
26.753171624491827
24.89480830588567
20.76790367382897
32.1860586842856
16.921838725502205
26.194599256234476
18.96239661900179
24.70199398197794
19.240122040096686
44.80352845422811
76.16031876630353
22.690521582163303
54.56929118097671
38.374526929477916
41.39267386443948
42.11126337017563
13.788841446795558
29.13155574950316
53.144477114696684
28.305169867237527
32.05005512071909
66.93070880557586
82.46431755521934
97.1396903584978
13.650438275386199
17.29361665862786
20.81766788816834
17.07344902125168
29.567293796777296
39.80336636483805
39.12114697410407
23.237520459388232
41.53519046886131
27.071499763056067
13.122093503055842
19.97959502007297
32.22143299930775
60.82586963040814
67.37630520902161
40.67958512022062
79.23511169022407
81.89080585564736
14.817711635383013
21.598071884940868
44.213823205576944
33.2169348509555
15.224371000547798
25.570735335743993
38.893354821760276
26.942520408311296
20.528451560453103
38.5150622287046
44.477877716124524
26.87113695863657
43.748498280549754
29.14970931428004
18.31116779047567
14.390921463308635
27.168729928136322
35.51396048184659
30.556999753148897
16.455517031302843
39.43243185259336
51.24617479286434
63.00033992984482
25.359204226778033
38.15651415713921
29.015719715682657
57.11172105193791
24.42754139847019
16.21586342833404
26.762763415402063
16.69168570611706
20.021552608231133
37.29439876716868
42.73353527408176
16.58315425277481
25.443335273234176
27.217775776757836
17.506094051470534
33.57440631628953
21.835221018910993
54.12402775491513
78.30079044947927
19.770225819780674
29.612075196621255
27.889693715673477
34.538372366868
21.693128670175668
21.72261066223379
40.71865991478255
70.57051736815367
35.925372162224576
32.93405134311524
61.72461886902753
29.209309453444394
18.297731045639324
20.81834052327082
14.907290391119295
28.335567500509264
34.96347376305097
28.813447031028865
21.82316375267418
32.532857049032515
16.155149527134224
34.97136748599268
37.25751646193699
25.387590209509884
40.69300635317354
57.393283384846306
20.84136360903903
33.20170202411833
44.16865759956966
56.41559727010697
41.588151055268995
61.23992197603132
104.53936020847206
100.40122127372607
16.4249418437171
29.505049505111593
41.546253033548105
25.92769630452668
41.21731491237698
24.84942008282387
41.07595297742004
59.24462049444984
40.78457571229701
20.07887050924725
29.822366534987793
16.40265858922554
27.916411982593733
42.93232862609832
53.17715108667906
26.787788108196263
41.05101608544317
56.92549351366046
20.59438502796747
18.434495275011
35.59599972060891
30.355268348868815
26.574492870413
37.481967005187045
28.971472218653442
46.16374814930206
38.179020890120746
32.072743087575276
31.59045922386966
62.462357841973954
79.78007256055713
89.05107258525841
43.31293100127867
18.376401835768604
18.308422191996346
18.790919379570777
32.331729892233206
18.606663978423164
18.06597556592356
21.296656253108566
16.477728270468802
27.279515435628984
27.54109558556679
13.555105065032993
20.97941984104142
44.97728530408858
38.9644062286629
28.55003443478744
48.854597427295786
55.43466102328706
37.956858841581194
27.530999251092457
63.358747334515485
73.9052744157898
85.92117779125286
84.10181500626116
89.56954489377196
90.09329894320722
16.73633784021426
18.209444644207565
23.572539581167447
51.68200565306122
56.99011454438109
18.92954763908807
16.144032036833647
42.44532787268532
52.00359886947554
26.45121846092959
22.175598772430348
25.734142683467276
23.824055638478747
21.57476923139833
38.70798577063945
14.334184133758463
26.058381344361553
45.701977840192264
52.09336758490134
30.733140005587952
64.82035434469707
26.490149326046584
34.42184010303258
63.23050916886415
94.51584568631151
67.12211089132992
33.22207140023116
37.84701912555523
31.55335074936956
43.56867679074799
42.80697516632271
35.17570400044875
65.85668394382179
31.999364670911774
55.185963546057145
23.720618245379473
22.31328792304269
28.98723586238185
39.66825301646552
60.13861726819391
14.326342518530522
26.54718283687814
18.405055204302553
22.401582294965287
17.769205178947434
19.200456558205993
48.07587028643962
90.49566600006445
43.794369693696986
39.66097605449976
17.370980835675454
25.319164200050924
35.91483165135833
54.25019556495937
93.13673236856505
116.02458525910416
109.258948920027
104.2466595397051
51.30437393647587
33.492950257867605
22.410365572388823
39.43007144919549
43.70338703194783
39.31198494973314
80.50072557973853
40.78671347237752
20.111729227167896
42.37873400885833
54.94574652036022
96.41641693758658
73.26826909356168
19.50086538504107
24.53914067463553
36.90928749247251
21.6425442192727
46.88119464353797
79.56178158425845
100.60516621354178
98.5385632373916
53.689626452707
16.20051706472045
18.74064298988283
14.896098239762884
14.196306285097904
22.021793776026424
22.751298165888993
43.4957857693204
47.09148334696519
15.370392213360843
23.059672659133078
25.16156706615225
43.814010062331555
28.554893720859987
47.43001945951098
30.041576937976757
51.28633718030215
94.34908551858668
19.203761977649542
43.51508791865469
89.48453044989513
99.30892452780566
46.14770546040194
87.0970119067257
127.42219776427015
124.28386621963318
117.52642468286882
131.0970396141565
90.53736902873102
24.998373293450697
53.29961470363495
63.20431236411349
35.64021747259309
49.60162589620888
63.78545042721824
64.50580364218523
64.4702379681006
13.251314062419683
25.230266420813997
40.391454893698494
22.166329866568496
19.076125598141445
41.37379176159239
17.795135935140188
39.14214600950747
31.2014586800635
46.710206845050415
23.539359559391908
20.24953911651999
24.45580877013444
30.238434983308334
25.029629361715152
21.389799602880142
41.31897918471856
58.158399043247265
32.54087486506994
22.057221933833905
40.51233243854444
26.26075865003728
35.65792668494885
53.45836871946729
75.97925695241248
77.63924096265666
15.14218958861738
34.28806781086453
45.86477899277314
55.015035185449534
59.01470554486303
23.636974415016486
33.848056781347495
25.588931749325038
51.34829373200983
49.52254711946635
23.404128661932184
30.60759335503835
18.738506559461975
37.47107486658659
53.96519055780564
74.36804129681379
49.5089588407831
21.386027296664988
