1.9979694452690884
0.5171601581072024
1.1930888164222042
0.503109361972229
0.7704539254253764
2.0521114208377287
4.3357143693282145
5.0009925025766355
2.4840251163248457
1.9567681966794557
3.194836249318769
3.659660330485758
4.74323876354242
5.141570473605005
4.234542265882985
2.548848110186292
6.247733698005786
3.559249011033226
1.7103228399628734
4.708241607360909
3.2182577918594957
4.683731886425292
1.2773986633455783
0.7784433248044794
3.448575942566541
5.2353790442568595
3.1501918953273984
4.988046108059754
6.8225342227065635
2.112067101658018
4.6242294225870175
1.188745604440256
3.2420582057387834
5.5606935046918355
6.067023692289363
2.109812982291398
5.0174338586249085
4.489181117756462
3.6546909438703983
5.949912035568778
5.63249512767584
2.5062349168945386
4.187405360344497
4.61672654389084
3.624773443744603
7.721164555070796
3.6041327193982124
7.029585520975044
5.164457118914348
0.6948142396259807
5.548669145698954
5.310295406618102
1.4077591509965273
4.323930102154164
3.600586701297079
5.2249622605843395
2.5238474453912594
1.2601602046496845
3.183632525711318
5.0004186535259185
1.6696504370495417
8.519175728962244
5.108468457035412
0.32099397401102164
4.599947867831506
2.30374702337712
3.943515455817976
5.095594456946893
4.461082505432592
2.8301597252652337
5.338915535126123
2.8404552565284096
5.499483883155105
3.8568286383895
3.1222617074818007
6.154154885897811
4.3078528847716075
2.1815015957436725
4.118574257619886
2.3275594129108503
5.07308664082022
2.585776665494287
5.533752448774466
3.9051245130466232
2.2242516142064037
2.800346868685252
5.988748714300893
5.777878929111765
0.15834466146904025
6.408953592764045
8.615707615555232
1.987776758880148
4.447906992748021
2.4396760977264993
2.136258871499951
6.464003685431128
6.102526199399395
3.544143835227599
9.151521736825385
4.752516972980494
1.4054828588087862
4.760390294137145
5.9559090800519
2.4554803696019127
2.24218892870172
6.313568753014216
5.195573729753712
3.448690354692956
5.487640015413642
4.246165314848418
1.5478153484503456
1.5023615516163067
10.005277786233767
2.968799186010628
3.2748204566157635
2.2951524504739367
3.925297967753988
4.777659058278002
3.1681562784392705
5.667085741303801
5.726123767436384
4.360322261311819
3.120500775607419
7.63497934546342
5.274420051662172
2.6204801941815097
5.559002710597448
3.5851782569750172
5.097443475453704
2.357341748066734
5.13774735293873
7.655263147624342
0.7651112280650451
3.6350738742410167
0.397602106445938
3.2518731544941715
3.1169105396091634
3.41540935573625
3.093427793615826
6.404859695231128
5.054900167831986
7.12532866022784
4.2968892955597235
2.441407950258549
7.535264089001337
4.994352712008451
8.404054935610775
3.9887214775596993
5.0650900216503665
2.912468230484809
2.022524850030928
6.491796488646547
1.729126555942608
5.71025580128731
3.0445536430037627
7.747059925466533
5.029274527574011
4.982400608579757
4.517767527980556
7.313358614256154
2.251708501287239
4.755959752818298
2.456608256549175
8.032255664992674
2.704090497902099
3.980638479462615
6.883162682254948
5.005887911353385
6.45139858881534
4.184920297405781
1.82764639321255
2.9037933600613677
3.3458304411195035
4.446747166587475
3.5042068677826936
2.171415638010064
4.63492638382203
4.128075760039153
3.8267879248603434
6.411577564166312
6.76905026873912
3.2118156826553035
4.3165641683147795
10.960679920762631
4.685649573848044
6.80218614858043
1.7287862728352426
4.881083457877067
9.24702524717426
7.160451789079966
0.9702538517460249
4.311503739735915
5.417315457994315
2.1620931608436575
2.8856377574324616
12.649183918041302
5.297153226654433
2.881213833968389
1.6475140356346092
4.467710435164244
4.605748991132643
5.389321429060415
3.992123547627925
3.4862871895553607
2.1730021657520644
7.029432936156534
4.349120391789041
3.4325023754689528
4.997296780108058
6.139667643668381
7.073052255785773
4.427604193708998
4.554194507117354
5.247453703574537
4.62998223363182
2.287149278329976
6.877977066252945
4.906756291513693
4.414999130741308
-1.1106185502694543
-0.02581181989629704
3.2262050036913505
2.609540159626283
3.5396780533830277
3.534838380555165
5.235923777466654
6.941832602226117
6.198019451421915
2.5691126249665728
5.930439810365715
2.151268964849662
1.2805785798337566
7.0355459420144895
0.41339895093640905
5.131376276006163
6.178368889658947
3.962190235223541
5.583215041380532
4.207538901654194
1.6170246803330743
6.399575830496653
1.614389978479961
7.7492999919801555
4.034807034063944
1.578809491266993
4.198886632386228
10.288202277863842
7.900695361752476
4.733616834402992
5.491897055883573
5.115988427953566
1.6659860137614044
5.902294018506556
2.1517966664416464
6.348161017488575
3.971662664672992
3.931190959709266
4.84377007371475
1.5395448299459435
5.564839872990081
3.009678966768994
3.1011502591954385
3.3582898483639694
6.52031408175226
5.011220746343599
3.6066061311809023
3.694605882508583
3.0134246549181736
5.284639293150021
3.411758933096007
5.654535777169404
5.636621694576561
4.311378013425944
6.079412526678728
5.582845612062501
6.680790210077772
7.5554994152265085
3.9124982001792685
6.894740386965558
5.986149165696273
7.86541415332046
1.3055896227204375
4.782350156116892
6.699342260612799
2.404476395889057
8.58205720136653
3.2695240637448966
5.769203866161701
2.44618801780658
7.0262140908479465
5.470168880146877
6.377757250241515
6.387196954441357
2.948189810015632
5.740516279407
5.141788636333722
5.230064079383387
4.391247181956134
3.253187252283441
5.906421687112257
4.9047462259548045
4.317959118537571
3.173401120493583
-0.31570946951696194
3.078613014110301
4.8460923174064385
4.485521069805549
3.786853403224327
4.575217746279459
3.859375755729029
4.437252276517656
2.882920886382969
4.116626982291603
4.52648032859517
8.62970772033642
4.626078584703103
5.4897009410274515
5.383962628823572
3.1718144150723253
4.491753335806023
4.555823632207773
5.074971574820134
6.164236423295957
3.670732616862105
6.202069522585764
2.084560203042032
8.565078559235024
5.250323673243377
5.077943022593189
2.285667523103538
4.930170262981402
4.144730341917762
3.907126212599375
9.914136745123013
6.930057541326001
3.9072773252819153
7.811086523458699
2.1965574877856753
6.336908089832856
8.033921417977234
3.711429829989441
5.69666212814141
5.476572633304916
4.952076742660766
6.034870216801501
2.103915825033773
7.3121547956030915
3.4883040370846863
4.070783082078955
6.570635678997299
3.7859072276942265
3.5386532416836816
4.343762779293682
7.14916857459485
3.4653757323188805
3.619724757988024
1.8489154737482787
5.49722135345283
6.598219526500582
5.253903872556214
0.747257395114122
6.281686134876685
5.4453512361810255
3.9388908655571284
7.418670059410515
5.800901678384306
11.903276447458254
3.1086920494713293
3.699598202221447
6.483226960846838
6.098848570542924
6.248740535224209
4.780768469579342
4.749724119477578
6.582841095532661
4.689421167860219
1.2829345402466839
6.430139513927861
6.143476410876873
2.907024410659292
5.592804626112247
1.54491129250963
6.315898398710342
7.213306173834089
3.6279089847089847
3.3897074519156893
2.497978718001751
8.106627485539773
5.850814176069329
2.821326863585904
7.1125882383409005
4.4324269811492405
1.9107013500841001
4.561399300066468
5.509803627777629
3.6365484708836533
4.087599447317137
2.359747669034151
3.243833972667121
3.0462841309077096
4.4482748531615695
5.911664395228664
0.5521615475610129
7.144505518179332
5.616767611479693
6.258336993883005
5.9998938696516815
9.238767928782153
5.257087233270504
4.936757031919279
5.027071050082364
4.889595612904824
4.615497768142892
2.7236910025936427
14.33684315653404
4.88910712882389
2.4725297103811124
5.407687272587611
6.608988636835431
4.08768152862706
4.533746755031431
2.2319857487702537
5.629617702333252
8.088081602634011
1.7803552948761676
5.269840941559398
2.783812448522585
1.8751563943064975
4.803484695991137
7.384628691980774
7.024992933591704
1.2298322350509558
4.1940355195462695
4.4006530812551246
8.381384782225844
6.991003270797104
6.00335515135098
5.349099559998065
1.3856655047076092
6.067549230044372
7.1908089046226324
3.3939762985825133
7.2720307615645305
5.513718700115844
2.3101740658839964
4.397765549243378
3.324775405707532
4.859456917484395
2.375427846681545
7.42686321970407
17.82135351206644
6.7618534611192045
7.606034775257186
2.0160454696151726
-0.5718034080889303
5.49547943177612
0.9144185303820989
5.400192988322217
-1.2507748645874632
5.731215241213511
4.676000787313901
6.25533010753734
-0.5706820267750983
1.7475315153060897
4.9899729580575345
4.742896811072205
6.419265829415571
4.043904617676388
5.6956350184283
4.627512860487228
4.126790295571889
5.984915727880327
4.665455429771251
3.686369450255892
7.113375888001315
3.898058761498279
4.999921664891711
12.435377626660111
4.214135156976372
10.939488671235289
6.686860778278142
9.319385920102048
2.883651995624842
4.99687721099574
5.59744699424639
4.230498120743192
3.6251592745387535
3.3512526405445047
4.976893133512311
2.2590185665652047
4.293000714301398
2.413269195494052
4.175919586580086
6.165808810128223
8.718742808927894
6.457437201477925
3.2811148467981757
8.356276032920693
0.775117190581604
0.36807286708133713
2.445789801327793
8.806566261382304
7.732499268370523
5.961808774586593
5.058560039500841
1.8836628156945816
12.093577639100335
4.5037040647998206
9.399514153688811
5.775996742060024
4.090273815543291
7.122177419664753
5.138589965311489
4.115157600406389
4.692581465903686
8.143932843797039
1.9570101656597105
5.082281995182479
10.027378514192403
1.6908533840129563
3.0720423361990146
8.517473095828159
4.386948632442202
4.544329458891689
6.863979356261747
7.251398847485322
1.2262178581057193
3.866143895343235
4.674442700116912
7.330799117348476
5.7876213388652165
6.88674707644065
4.152373522046644
5.545822875818295
5.062464449491815
5.37849424510371
2.058975146427479
10.743614574402002
1.9316959222122516
5.403164559486977
0.8511382282584073
8.15488568343855
7.993089561394843
6.624590718987954
8.192515294743862
3.999698761175104
3.235572805922144
5.130216611667786
3.6070494029352127
4.2554442670496515
5.66805254742318
4.321905124432458
3.639882870104644
4.436241880085752
10.70720500049958
8.342280153023964
6.5871916044752705
3.7287694226226598
6.630233930871314
5.068082801046613
5.829627127729511
5.131225197458173
0.6087023173225293
7.087541868733431
5.465773424282003
5.620287954660096
6.217825177530002
3.7837893656661072
5.798178607592763
5.163595516920939
2.9571668995650118
1.2424460853261228
9.087900749940124
3.143290264914418
1.1235353520398152
6.249542611166683
1.8706293742476
7.742577589086639
3.5238472551265954
6.992963012748814
4.7768773996566445
2.9443690124859185
9.101713679260127
5.101991704460186
3.0786740865771813
4.839798336128722
1.5686045396311477
2.154294925274948
5.396332915782874
2.895476965221306
6.958504570744934
3.5020505808337608
6.628511520443581
6.086596660565903
4.934208367833316
5.684924239405425
7.20051208777678
3.3676743155245803
5.880197504378506
7.5707843579398455
5.170191405708385
5.620650925970771
7.017077970173345
3.6494254372332153
8.202195713216575
6.052474154443394
2.601124740355114
10.504165147889692
3.9229196317403106
3.832729204730581
4.684232926695414
3.6427799821660796
1.642568919443846
5.885766389192437
4.079783705521619
4.647195838843345
4.692385245039148
2.798200421320137
6.050163007594332
1.9241819288471473
5.919003640064135
5.000978427547212
8.158532614228882
4.011950117174752
3.401821509653928
2.0033494117242516
7.1128718484659625
1.4648476194310938
2.120751652845136
3.705076787253116
6.620749392374898
5.798794255168072
3.6701166170155375
6.246056912080348
5.631464805670916
5.198047410584376
1.1813047677886903
4.778691293777763
3.3105559580332065
6.3624365577488495
3.9302854829164584
2.304458539426858
6.754125996592438
9.272661730567785
6.8998570616898
3.6938761231740145
0.21525642089056965
0.7551266222507417
4.771096239791097
3.780805752887446
0.2709442237222979
6.7713246218449505
3.3972552278735093
4.78795666858614
1.6210555417286179
8.721503330703845
2.0666957891557662
9.250401801168126
5.982440978481765
6.105327952445913
3.7768669723552866
3.0784349401932167
17.594745353642658
3.869177463475791
6.692348704605099
4.665229579985804
3.434853361751727
4.842269625313786
4.953812592933951
5.418453777684282
8.781787772743417
3.652693079135816
2.995357724430693
4.536519144426418
6.636002830792666
3.3480704672158392
5.0710131116084876
7.611668534945933
5.530242122803242
1.6444714680374903
2.6967754209947072
6.426280277621803
3.794339476626077
2.9366888672637206
8.427596319840447
3.8346618439345184
8.528574044549558
5.123738398988593
6.339656958097167
4.204287275301407
6.16926074287349
4.735599445919886
4.3498693321887085
4.661019604370045
4.6616196317588035
2.960296632436194
3.797742571863939
10.56997307723582
4.074115330739482
5.134954078999056
5.62032529945309
5.114578257716461
4.733957672952713
2.2839005909227152
4.675197684978004
4.239369609528179
5.346244761778623
2.7038729091950655
5.410645350689421
6.2541981976618635
5.2026441299001185
4.498896229602347
2.919514523874387
3.9595927377312643
6.51022157760792
4.753040522413038
6.6612081459390104
3.1761665404063706
3.4659661411939577
1.3863665920028774
3.0613542554663953
7.671609381748805
6.253939190929322
9.559276272579103
4.862797620547255
3.7123388378555435
3.7792637479100186
5.379963363913674
4.936118607846771
4.321818910564607
6.541041857493204
3.5964700421479985
7.613489039961029
1.5595442761593659
4.716840973996251
5.165311341268818
8.983691452880525
3.669122081352127
4.227845685779512
5.456952764602321
6.661003086947833
-1.0223789550350364
9.748969799013885
5.444187322945699
4.662331345915983
5.091115792119617
1.95383547656042
8.658805689747094
6.358855928249513
4.32117577616402
9.909052032689994
7.543412445462487
2.029309126623148
17.225751407565443
6.609547378986055
4.2698331585859925
5.412346649654086
4.22550653154403
3.54274185155062
7.415412126231435
7.180597421556166
4.785596699790569
7.018281348154682
4.254142800972128
3.5694061309263443
5.374601625263191
7.919020829768024
4.6587156552046745
8.995262228429976
3.3261674321623813
12.198799456564485
2.7796431428224717
5.501379642054942
5.984223167752416
7.623155110092883
5.018654064401628
3.228839892299254
5.4477350750702005
3.0337452065218296
2.8276115971859386
4.689504518234363
3.0932997994465667
7.398575676573191
3.330338494642595
5.616861355428736
4.793598459209466
2.5853837418898595
18.718010824482583
4.896799426998829
7.303864493292231
5.042465460509206
8.451755264750968
7.002510388098213
5.097442591453306
7.826037600682311
0.43741238252433534
8.12282676383346
4.35159121012566
1.813551764340334
0.8811331979937012
6.860192245626262
2.9252640925612425
4.646991157439337
2.392032812007074
6.547267752982927
5.565485907828935
6.643571112362355
5.265591576339618
2.026698072617884
8.622663574792792
1.2095005756248358
2.8858634191250956
2.620524017946213
1.9327053264946117
9.477665489877818
1.7956536607405047
1.8676972439252428
3.1580928563121007
8.827984769808543
1.3550817717859567
5.606646094647506
8.999257140649565
7.955262687130582
5.386487176062248
7.249364638763544
6.243636978291716
6.121322006207516
5.617256526979704
5.447046636408918
7.0079673280059
4.85528266578619
3.296975519846676
6.263662212298099
2.1955728662761698
4.684064794711401
8.067132168627817
4.653285349820055
6.759971838034706
0.33472705634724753
3.410562155633399
6.272656247733596
3.740654531203556
-2.596861968637194
4.656598329002475
3.328448803218901
4.123950675645483
9.048428439547866
7.435127282492574
6.419361653354424
4.488384305212687
5.06995938495081
4.392105613013866
2.8926451571043517
4.034146144659043
6.284340722255458
4.201061379361196
9.582357517388697
5.427157454875624
1.4834972498746826
10.28223889018903
8.192443702417197
3.356723540201933
2.2729730067000045
4.5851429336251766
5.6817827815182
4.882521905688957
2.4696004136772354
4.462709012845806
5.130521778358157
4.600336972543914
9.509554154617192
4.164876570197887
2.2265477546058814
6.090275946667411
2.4446317089301974
2.4362603377911682
2.402163694916034
8.47211464091693
1.3949601278012873
8.142252353947855
8.393529974728022
6.979346668541478
2.972561099249158
3.229156084755249
4.061263991537485
4.455022860678843
6.656126936410434
4.338456990348945
0.2861258345837435
0.2312337372245561
4.767405858745128
2.1300858965612495
23.55784757798637
14.890747419621023
7.206880879772926
3.36742692536747
6.880777089846562
3.1221591489412845
4.997924219832286
2.817574499279488
7.044412958217948
2.847533677831682
4.115580096003192
5.599299876463198
14.027778895984703
4.004538642365438
8.69793443783079
4.99167277981211
6.714714275030195
1.9943341042038336
6.897241089532028
5.2832268704360015
9.916400585160074
9.66273933544621
1.8527183580491495
4.141967860855837
5.6134003631085605
5.51295401839488
2.605145125927211
3.4539772684385173
7.72991385284614
5.229450640778341
5.216238218564322
0.47800698884400195
2.511764452405481
8.132852024286105
3.7966733126026346
2.6471961817049565
6.7885805915244255
6.055404516866098
8.724023596923816
4.305692156587948
5.2366448985032035
2.347749915951061
1.347694882965701
4.540596147871893
12.523906946823088
6.084018859822037
3.42095836545278
1.832140959319339
5.17033749464538
6.4947940135898925
3.4799415221146783
4.495584499709853
1.84451964433419
6.018833300030143
5.2841021807733926
6.8404611647730595
8.155431014772923
4.503367642607009
7.296879160519852
4.347643878822671
4.142643116580317
3.2331676445025535
7.515217976731823
5.769910524540287
2.5036515616961514
5.866441706381667
4.503606465653209
1.4834707787945571
9.127706684702646
7.032283968816356
2.489927683337094
4.52061748307926
5.322303049697573
2.628365412766492
5.298117195968685
7.005648182577694
3.557752630032912
3.157648497278084
9.0946633964357
2.8960227101784057
3.3397191944241786
1.0234772040702074
7.672475756470363
0.9637489390347009
8.64455198367233
6.048267286613651
2.9185763731163914
4.300943324053618
5.727614408216641
10.486109131855526
4.08221322267853
0.4874981877280975
4.398027760740017
10.793810063050921
7.13440198047073
9.530880021264156
8.728945212146526
6.50531262914087
8.421151331962784
5.552041733291928
0.6536749705686893
6.648152285148109
3.2515237168698805
9.142147421061201
2.4243507432900895
5.658533841354289
3.118439126655154
5.654834346806591
4.568807888921481
5.673236870201382
5.964135305302054
7.913051641591824
4.012066597108516
2.3884764223967068
5.865326002576404
3.7494639212914573
5.397029674044317
4.6768506020991465
6.6763703400502
6.777753905913266
0.6688583910565742
6.477307338032125
8.65804928828382
4.217468640764033
5.766784689379363
7.041729043755233
2.9349073468977958
8.06774195382431
5.777596919500684
2.033486693807235
4.583427115476813
4.3556702446214715
3.569492318205882
6.834630646310898
7.40063725299004
5.743605546030232
4.267903604638214
4.216336139772608
6.3906279224803715
3.0851176363731683
9.035135784199964
5.6061054528439165
5.973161022372351
3.366942912379329
7.043933500160444
5.9106141515450235
2.927104309450949
2.981794374905581
6.872308731785359
5.852354363584864
2.2372675734202208
4.84743935506525
2.6195418849516297
7.22735092577228
0.4559678004215545
6.605138129080876
1.340158536140394
6.127881125528734
3.677643164249564
5.554948720515674
6.00760642458883
6.270667236105095
3.512180190195433
8.955037676222958
5.213313734140688
3.648907172180061
1.893091929658805
4.471856989022206
6.360973257766033
1.9182155605458913
4.546529040299025
6.1336437501419745
6.601869723646101
6.295559644566645
8.029617123910016
7.809125404648898
4.278475887385747
3.334460354865924
3.9690383072187694
4.529701698703157
5.3001597550596316
3.0039694148809226
6.692363845763637
6.51039139580329
3.2964937658523032
2.4863531835384567
4.245263435228819
9.45981906353304
4.435093874733713
6.762654076177126
6.543362204780729
4.510335255909582
5.041061905055777
3.074816101875907
6.015798565026069
5.699986477438719
2.675363876036556
5.753298792221473
3.7634310411814593
2.690348257009458
4.3163982663308476
4.883473674384377
5.038315033970277
5.407492154349114
2.888761494574214
4.396770947250745
6.167531296477468
8.609478789035112
3.7651692453297616
4.908903604239439
8.71330915537969
6.566766670258128
6.375859653023825
6.2310500915260585
2.320333155190669
8.935923836435485
6.409091812472673
6.992542982489777
13.206252607776714
4.58353121700255
3.095649974908012
5.0524929946804935
6.160510579393058
7.843926817578124
1.1602829308871496
6.983700176108307
2.4313716014631823
3.8586280771981403
3.961721625989162
4.545563318801563
2.917583412076291
3.340001202383617
5.633361883239856
4.2965353944162725
8.14239245570126
4.5595672263976095
0.3130002897504956
8.91569834001155
1.554499933359257
4.137645448151053
16.00870229146455
5.344980744222859
4.725972967107665
7.696106565639105
3.3308108675596997
6.781478013206972
4.848361837065014
7.1832380881773075
4.442412023137596
6.229566270526538
7.199533948197398
6.433158296386979
8.498380722708193
8.004643466917782
5.930074419747307
3.2294718039153705
5.618458261293053
7.126583449295774
6.616912524818913
5.777526936739612
6.424403540616967
3.9627105810227152
1.3185344161597046
8.314211172160231
7.815113371678836
3.6450218777630456
3.869470892234882
3.6027604267675075
3.0051073465086695
5.655396544068658
3.529890194769161
6.348252571895802
6.9763836787300235
5.637605719913865
5.325794372423841
5.80182477167823
7.583939910195059
3.9619733638241783
2.9619123700228527
3.5882277105073523
8.839547300744089
0.9497513272475689
5.4607276742024435
7.976441808943593
3.5270942149007745
5.098614082130073
5.424132680004095
3.340120475776792
6.424813187772449
3.1479287284119017
4.31885058955282
11.523403505951757
6.225009402152207
6.46403335833403
3.88889877701309
5.9856766496575124
7.247678597212868
6.329941978356041
7.535339295528498
14.802716741079534
10.067334241899653
7.613160011329952
2.147095806595575
4.597791348116061
4.829482580431122
6.21579015833456
5.885910439895509
6.733837428194373
7.161932697924591
2.0936941028418934
8.490041526159064
3.975643553071129
4.80099870820904
8.242923933301896
4.725377470798172
7.402280260283473
1.6415278864954987
5.363341173200859
7.006171219622144
8.528965948080659
5.897161824018331
4.655726769001603
6.200595943016804
6.5957865150133275
2.8295990874822676
5.425499625710446
6.300501005182199
7.147140930202039
4.6623595244012845
2.546983418090893
4.9564774438593195
8.721170130502252
6.311754925662896
8.10647509506525
5.280008728478512
5.9690421612099795
8.389877556216032
5.6400963922045815
5.071281811646357
3.5288999622334822
6.116421819979409
5.293240119757751
4.792062951027852
8.131547496955763
4.382259907908656
7.435994285669305
6.404168921281119
2.115514334229053
4.579118078487802
11.761598516779882
5.07040006724871
4.245661304754716
12.400067629276698
4.686281898474173
5.649245142728899
-0.3124177271518384
4.651375700487304
6.74715360435915
4.527866682472244
8.310066546493363
4.721551472047599
4.387759924526988
10.387656098693416
3.934551859369297
2.666442159340187
5.679370056611668
3.2473105648369636
3.3831242904211085
7.258188397382722
7.458950813494011
1.6826657907643794
7.203278410883895
6.930839272134887
5.933369813420264
3.1884788085254403
7.473031998938385
7.27214903478689
5.952871125572372
1.980563767665842
1.9348203572032339
9.334592135180042
7.533046067171756
5.37495281524496
6.387491007556361
5.525812069720627
8.61517702206669
2.2457996523946484
6.145069887663878
6.4764627884264945
6.215361648325348
2.758451318930219
6.922593525832932
4.3582325945894835
3.0323081448936975
5.05304651637695
1.1807116394445345
4.555864320364301
5.738884089537469
5.1357763562132135
11.343252067835481
1.9576013853713268
3.7746220186706205
5.467024587682992
3.610645259654083
2.8721150190171847
3.67017809938981
6.68788915653216
4.288446383984056
5.645486364816317
8.422745719326535
9.296653513175997
8.611075382862651
4.606490727045346
5.559387199939661
-4.258959343887608
-2.9819836177593753
-0.6747260749675428
0.18841821641729256
1.430761515605385
0.47683340869404384
6.861584593585634
6.163859327966139
4.58342256508292
2.8475109814166655
9.149973154338323
8.431010469955575
7.407205432414537
7.726545483099626
5.680539733393216
9.301046611436629
4.745397614411751
3.937056258626395
3.0095124056068427
7.714979015608938
5.184040353162259
7.267187533949131
1.9733210318790897
5.400037648632374
4.485195796382334
1.5605152478227446
2.903983620412593
6.274943069142523
6.0898871575241085
4.879931419357743
6.827604392151934
4.994107116054436
6.671081358921047
6.1330526235415235
6.412377650661738
5.6183240036703195
5.0409493240328285
5.949396168639129
8.237165604122387
5.431561201540017
8.515083860391439
4.47854396390751
5.983699113246174
6.950731540859852
2.8407095033168024
7.906638183983275
6.066198075995043
1.9445374610203408
6.885252549932664
6.320763988040009
0.8088238173118443
5.0552219004025085
7.4467268159149445
5.048820654525045
4.7145292079128955
5.595228322720883
4.497862870042633
6.523265561186718
3.350022878870372
10.148173919587927
9.89318333011759
3.0780577728034966
3.6992855594714618
6.188381950992768
3.9831816275100342
7.482663665356662
3.7548025152701348
6.750545784130841
11.927531302031406
7.650428248890248
7.050230972021358
4.250466622129124
4.693906097894241
6.050670782378456
6.796296736721058
9.002346999415229
7.841320005268585
5.7673057477029195
5.5240253435223154
4.628673512634426
5.0970263871982535
8.04076503910993
15.239018006398894
6.328588847971272
4.797265436411179
3.1995152130590445
5.756217159596598
6.661193345301274
4.916599385462713
5.082607865078042
6.809280106829484
1.2007556555956316
8.406670030245007
3.51294801949293
4.2353064286286335
5.296204625272532
3.384031856373612
12.312516200032325
6.356656201226251
2.3560572461777194
10.247280593140124
6.0068048970518975
6.689278106555236
7.710731665211779
5.951365723014545
5.571915625987851
4.7926405428751915
1.7835582410927877
6.724771197607044
7.667845066184209
5.528965222964233
3.6489242152762458
3.8254644961821245
7.865981718200844
4.053950858990366
7.800534998626557
9.920863703193998
2.5674899556329875
2.8051965311157283
8.787958967355664
4.797114220968875
3.309141559530186
17.108284475085483
6.959038218373354
6.001766165442501
2.4747229753118063
2.9810838715588948
10.1002069542402
3.97428161531997
6.811280192280108
3.438266162334067
1.7189655167703344
1.0249174374103938
4.866283583951042
8.594957072334088
4.185677428074161
6.80825691800753
3.180238035197593
1.0593600989735565
2.1584682333562113
5.858455363452715
3.487290553528994
5.146758350107555
4.231035556306047
6.542559250842848
7.4589753596058
7.506844171080942
6.592981648587298
4.396345448912728
4.814399730874624
8.874122704976582
7.836008412959839
8.043026329410521
6.712638859995818
1.113713147055093
3.8247091002638354
6.968826917827886
3.5493126622958906
4.664867688914292
4.9151521853632385
3.849142903994466
3.459216647743764
5.964245116676981
3.2248252164010647
10.108036976243271
6.007248762763371
3.111931664230103
2.0618612081701673
5.264474112899333
8.793339585670102
5.4992481666400925
3.8125621012471687
4.327860373448359
5.582462398807508
2.665965789757364
5.52483116653983
5.294903668057267
5.526374924313006
1.8040068287471975
4.369833494095236
2.7929398572483968
9.764884673314468
4.243495764308827
2.4719091991517765
3.8328377761669206
5.915975941404986
7.964806125259691
1.7632358001210655
6.2960151094909955
4.555223387755592
3.4359843913054973
7.81205747105495
3.0134977418010713
7.896543229161311
7.763749304409922
6.269849169766689
4.205642642314508
6.792336044597678
5.616552122755827
2.9952516008427663
5.956840624435949
4.538783733323651
7.144369035204804
2.315418838618155
2.3165547921931964
6.983571453125676
3.874658993810682
13.10242922058006
5.654460830891349
6.417134827111267
2.5069956566597407
6.372487560837566
4.920559667899559
5.46339375479568
4.408769376562153
2.271077874592549
5.838705948514315
5.719273651505597
8.22962078736553
4.9750194470682825
3.7477109524491614
6.501511166031678
3.273780017904619
5.422731301377613
7.853370363198086
2.7671722244223127
7.287306510200308
4.625415201000926
9.301199187145762
9.752192884476278
5.266798481094923
8.785757003637457
11.526717510791592
4.1259266832708015
7.355389156931069
4.502254446109133
6.30042291875864
6.566221545025277
0.7814144195329874
8.383022292076921
3.8748941290933105
9.703648807175203
9.573305231577345
4.71404949418057
6.30357661545744
10.48826489989769
6.06355060455601
6.205480244539992
6.054419029732139
4.879688045990009
11.757613457320677
2.9005961916082716
6.3080457445476785
5.09673114833795
5.702744628569315
5.793147362966697
5.669884699873505
4.155317758568702
4.328718127795873
5.933177255347811
4.174586062261775
3.580049559314125
4.181086171197434
6.756270509161239
3.933250918076861
6.239736218200832
6.566716223875155
5.6777831630008455
5.163844178480225
3.283459760421675
4.995056223286
5.934876812778115
3.5356454142946654
6.469146065315618
