14.50190170574483
4.3909007382382494
7.300060068578862
5.422241264779284
3.4674003743139608
5.631620734449971
7.56396155222882
5.717462735897
6.591267778327905
4.61656604383374
6.510105479119147
4.983931831777012
6.833808628798914
6.758173200637378
7.94394050243952
6.958904615913092
7.2169283959718555
7.471967421872141
6.4443290756388905
8.973337075674822
6.636607873788394
6.8747826571944675
8.054957313204149
5.451976231959442
6.937446590153664
5.7047957790392925
7.158632768688047
7.3634882976917115
7.028050229516101
8.326083155095077
7.450693035771764
8.342890789764358
8.839372367817608
8.399412839775712
8.719691725736386
7.4136321528079
7.780995008947429
6.841572496007186
6.957255396021006
6.221761931027189
7.738829002165408
7.058650250188668
5.740589110017597
5.859917696904356
9.049776980461894
8.210918541514943
7.697159512070323
7.632866349006949
7.283234276787764
8.249418890229041
8.605923781594495
9.057754503886242
6.543934293644813
6.146014500614541
8.89240859626333
8.340126306224724
10.109104328610023
9.650366166815322
8.024312711849264
7.622523119522157
12.114891751634193
8.423996212258258
10.70649301298256
13.231646805679265
9.095688854942345
9.032276610968264
10.610834854103087
10.67477543410582
8.2047377258635
10.88377466289452
10.258658175523719
11.361984347573175
8.776895766487497
10.46313714810179
11.821252815399173
8.385661723631882
10.253890240813703
12.651673527395895
11.406246020830716
12.511583324872937
10.852510867059355
10.938834484219479
8.280941340168875
8.15894086135052
9.854957666235777
11.683713273582889
11.086607744549296
7.894542642380462
11.179854230002267
13.876339775307247
6.153422753819211
8.884531746810909
10.30996001381443
10.311155310505997
12.696367793902896
15.000505546413267
12.726338758606433
15.795549616959198
13.618007032839735
13.262427303914713
13.039990183619862
10.822961796604035
14.1780639418174
9.538008370926281
9.82318965379188
8.242208486392842
10.280092393126594
13.008139952785855
8.105224142074995
8.71136034688899
13.147115070602121
9.828687820177397
10.36358574286845
9.461022093230767
10.592673351594414
9.061948042269444
11.554035517011718
15.614192997545302
15.200981944425319
9.420743736933622
10.01659772875081
9.363581933583601
11.288079511821527
10.953129521231144
9.847494365805218
10.299003193577777
8.050114166044278
11.932829595462819
13.557794914312472
12.799766442220537
11.988181344356214
12.86594068932497
12.153983559154355
10.02308080820332
12.071209786207243
11.580846850803201
14.689718874301196
10.897330390073243
8.814905620321802
14.222546827044123
11.1826353727842
13.357020859397464
10.36689793579092
11.016732222605304
12.651079395029303
12.171132948532845
9.364926479568743
10.761966001480884
13.577382042205096
8.905623926850318
12.469443871181712
12.381347986251596
13.79536546279122
9.30997389789748
11.094248047520088
10.230280402951061
9.718101876281624
13.121192989078507
11.421610783459997
9.976786303995183
10.23370223424807
12.512299889410194
10.355208204058687
9.679356216020812
11.799696633734504
12.053525336370617
12.900960886019464
13.655341784694853
10.801678946159708
10.365132236032208
9.280902913255785
9.928739725831496
11.967631658400542
12.305473483439222
12.354907553664784
11.166968630492171
13.098073055118457
9.885633291851347
12.170284076849592
12.770388805841549
10.977570913834354
10.163958743156018
13.566365823628988
12.016286089470828
12.108256652205071
9.675612270604296
12.079013989799888
14.81004896233806
11.608197629913445
9.051289454740505
11.103592802997396
11.371340437052451
12.203845673682634
10.131913012004286
11.413174511030531
11.722115595243984
10.471518559193898
11.768502794556738
11.620429742216347
8.144474933770075
12.69575812061418
11.616182278201899
9.878397394468097
9.149200919805686
10.576497257983734
10.630341851263184
11.811726547338965
12.392005068815982
10.287112480729789
11.666998119361558
10.79074908544864
11.802036652935342
10.062601379399526
11.526308216560906
8.736115463326176
10.513066286433451
10.89880517084185
8.619501854420673
9.668383428350591
9.248436833852157
11.881191598971286
12.873347063495897
11.414235008933288
11.93549925972002
10.673826543253883
11.415272889125449
10.315809002097543
9.789122636565175
9.114333286505003
13.98409127618668
9.800831265921053
11.210798846136255
11.227987172190067
9.223444865180017
9.83603681680709
10.191461464794815
11.30921530148296
9.709306197966107
10.713095160478156
9.638321544942155
9.339595763483006
10.35169236888282
13.634278256313081
9.891919663843233
9.653783622491414
9.722045224241407
11.092679616027125
12.554704986280466
11.588599359756977
12.157507855693808
9.47607596203561
8.013926928458208
9.584860531107767
8.780571048005969
9.62533234115692
12.17284062711618
10.418080391646058
11.248545692154064
9.984645066840752
8.730161159052987
8.750688136815555
10.1089312584254
9.894115931138508
12.964734913076642
12.815333461884522
9.745377009428257
12.346337235434879
13.1925859872589
10.4168173303886
10.843781683249857
12.057307127623432
9.373968351356972
12.144807326437574
12.503057805972452
10.529693866696169
11.03125594282329
8.630212843684854
6.427743148536676
11.552708643330295
8.351607793146883
7.548847344912117
10.927787234381984
11.500285067728178
12.837445770381434
13.21806301385849
11.466955475211064
12.611992361297037
11.14880302140082
12.534863041718925
9.340661624205637
11.188923195612581
13.210836403934204
9.595052185166358
11.168059233391523
11.598183464223006
10.764167455718926
10.536676052373595
13.226744574589292
9.070183467744286
9.24640281131294
13.63142172722175
11.759618241637328
8.758650672223514
12.496054769390636
10.332025399923218
12.175292536972016
11.69271328020367
12.920986255824678
10.515235654319886
8.051970812117345
12.071673954736527
11.193032346751968
11.025383210926762
11.649480751040429
9.77320418416795
13.783161597866105
10.733839255611151
12.860993128992407
9.755840398534053
11.260437893792234
10.903114701907601
11.337486064630841
8.596429983513216
11.327995768223554
9.06378420133076
11.1265062090691
10.64591668001146
9.11052287129882
15.497606252224625
10.11023312132378
10.74428247186691
10.423925713689476
12.73460457863279
10.138842566147865
9.7196701769898
11.246064387636071
11.834162191844664
10.251518766616343
12.946944213117836
14.670585729940258
11.279241049489183
16.13862226678717
11.21051058247152
11.979626154235373
10.853569296481027
12.194414325977986
9.421970667998192
11.58327783327466
13.844742189528198
9.577242513903379
10.785456980213308
8.344232400506444
11.12648737343048
11.997690500872604
10.653000535775668
12.703244709351948
11.328159763987111
10.612341995904371
9.99810220700036
11.790193534366086
10.245068168112477
11.88320395562527
9.59551552561521
12.941287587982865
11.389270501165809
11.525479249876216
11.156716639235475
13.61686988428287
12.280587314579456
15.004051645291398
13.319263719131396
13.545886790300658
13.290292916794439
12.3643188888458
10.305985615736093
11.99075783598945
14.533741874838723
15.016400393547519
10.694013761882907
13.043407725449581
11.614915260372603
9.729908089056643
10.475532536843174
9.791224743544932
9.31382201762901
11.41010641697518
11.403752812508197
15.349120729015246
9.233843005374219
14.182844558037072
14.28297741092537
10.777715801224627
9.530800443540786
10.67791721732177
13.73827802143223
12.94591346075564
11.355163608928967
11.571648411679407
12.241430276557235
12.112594256180719
13.362654879528812
11.82615536191705
12.03920518215472
10.765801407358849
12.164380408647105
11.664128184032128
12.355960437565889
8.316685683017411
11.774628902440153
9.709853992570592
11.480743422377481
12.212789972211667
12.862482162164325
12.395712455219472
12.45223201453086
11.309024170395146
11.738526137534238
14.565044808491676
12.866284562267086
10.010261385727071
12.867457236019204
12.024285120288361
10.912204576587461
12.495016916272167
12.846130602863605
11.730070147440765
10.55000598669482
10.034784627682253
13.395807919549462
12.171003051415752
14.435738693637202
8.16123059450856
10.109300414401599
11.989799900172832
11.794862854163966
13.251832075156013
12.663478138531467
10.539445902285786
17.45929163910082
14.82588932040727
10.500054911057951
12.638771332496642
12.036208691573117
12.003354223781011
11.097619892201656
10.105564464393167
11.848088898419991
14.686288627960433
10.949344724856116
10.330279378240576
12.595611052180095
14.21022997156611
13.992005652000717
13.854486590687058
15.68444480804769
11.009183413545319
11.416296947889274
9.771827072882305
10.017838351998414
13.816522353811278
12.79338098174263
13.661909877534319
16.279943407403174
10.782938299731306
10.88478471693899
18.06154284314641
13.686319001845193
12.645192253359276
13.509135082156504
12.096519229738984
10.227121391392743
15.998023106402252
10.837380775842178
12.894527402286883
12.1154538024526
11.659706597168606
10.691273548561362
13.907061198591945
15.535657720438833
10.962009893788043
12.28157502432261
17.638393644972567
11.392292942051569
11.274355098525684
13.787570138640545
13.820735537321754
12.616460646295165
12.024529584792488
10.681539400270907
10.507050226745145
14.349454411065391
10.650690376535646
12.36329096744169
15.672687476419718
16.441981829917996
13.512092905674526
16.423709223451784
13.036852134563054
15.135166803086383
12.757935009673991
10.104799554981204
13.296437735591672
13.543747888634101
14.36420409366428
14.268098593240866
10.184141751620366
10.173257224915924
11.451616133937183
8.594726740348083
9.165837986750942
14.437327033571638
10.72829745372635
10.691442805276875
11.749103378465254
15.165895258482557
13.40078461351681
12.667452252593852
11.586732638546517
15.67188292272078
15.01347623070035
12.722932432935156
11.753152974876995
9.708536065762171
12.797921951568844
14.060368222622074
15.6279174099742
11.594490329673674
14.490012016554266
12.112757315399671
13.981307650146295
13.727661331775847
11.568527440520624
12.376158168150651
9.08536085394656
10.464229973968507
12.732136395534733
12.137049526334533
14.389418359436618
13.507266182424456
13.428612054109369
15.021782040074255
14.556331721016438
16.570879932959404
12.280921118559231
13.652390265627593
10.78729697262578
12.127535369496636
13.161166975785013
9.880756731376506
14.593928287861294
14.649311299719383
11.050897052177811
12.491954162345916
11.975782717588707
11.043928747993231
9.465821319464697
10.753712070366808
14.684614113632362
11.54150456139553
9.168947424332924
12.151881165097834
10.951318370020076
10.733882711824023
9.419980557226115
10.549719851706485
10.9591316709948
10.8091657156162
13.3648124728901
11.776777991544193
10.88885835897088
15.230109696507265
12.533798056828811
14.536076478205258
11.940924293865745
10.178053228303678
9.853243659609474
12.200667177228052
13.32984033442924
12.669006817129784
18.05766261015608
13.90985320364228
12.683590885262692
12.115045470710973
10.99157458354662
8.89963580105532
10.732313372728507
10.445990974880292
16.83133460313271
15.453349256447098
12.108956926125813
10.998804528072935
11.201095349924856
13.312606013822505
10.4205286142311
9.809590609335547
11.758690886727276
10.070085940022748
10.604823768046206
11.344035289566806
13.881022226681333
15.759494929011897
11.213767117920467
11.172469408494806
12.328246889867415
11.25510944373877
9.225687735215649
11.030681263528306
13.98386607021525
16.127550558240205
12.89386435214923
15.682821848348187
15.990734072396021
16.578178099639516
11.915767773721443
11.92756107195156
14.8867725797095
11.337452825528983
13.126976326800705
12.726372524495709
10.214347803379743
13.961146283366226
11.818933398617151
12.695011111438479
14.898470070081252
16.063766515093125
12.30100442883218
12.812167197461644
13.13124143899342
8.79817101958373
10.22989363322363
17.141426230898194
11.454669266653898
16.099786255097108
13.20618600996299
12.148280074796546
13.980777508180141
13.872980738060239
12.281252394538992
10.609580478251198
9.154743506841683
17.021845637461453
12.683474064195941
13.185181196904274
12.612048348293396
12.215793191594948
10.35473029873078
10.344891898211598
11.676907975132156
10.861872168891816
14.527183027121238
12.511726435263263
10.873189527342806
10.78863296615808
14.564957729522556
12.058341997954013
11.650489931443598
11.671695347432033
10.529419141028425
11.377064078881437
11.700834939418145
12.296791897108132
9.26984957772037
16.105601072355093
11.481851567386215
11.697207186992047
13.44518583101149
11.801594777390637
12.885699565929517
11.045396363847875
12.270772888001906
11.397704612147685
10.813788983008035
13.604448666677909
11.190580728433572
12.246142066378173
11.645525444837872
14.142264211162324
11.666931681067995
13.34747785529862
10.053151145079148
15.709280808842243
12.075381494248786
15.576972746717486
11.480793246048032
10.592271042272706
13.575284512176578
11.10738764172164
12.583516398359643
18.349193688227086
13.539475676780203
14.422116568107693
11.610172157409242
15.505832153211063
12.043209901693455
14.455902862229483
13.779622464498697
11.644845469181128
15.354752698076892
12.231800504763072
12.314880709104289
10.806884282550056
9.453210844061072
9.753091912549415
11.520989717313125
13.899744106301016
9.498244864143494
13.926982239593741
12.977439462644035
11.123514178790712
14.26046332486267
11.5233417791104
15.138784441442738
14.068853016197579
13.110391286744076
13.333315454121806
13.778066342271702
11.283439000703531
12.314124450618452
9.766945248955231
11.92919485237487
12.679940436041841
11.267891263499497
12.843113074973072
12.518439912763753
12.691667751835924
14.83600739062312
13.045513915813903
15.806464317131033
13.641164306765436
14.997505433862095
12.051006322250522
10.939095690062231
9.596317812194776
10.586700710321972
10.970102324608844
12.063676910375833
11.250347849650185
13.171550796461288
10.689954265501962
9.831461694255639
10.19025011224234
16.77459259503497
12.947948837035005
10.794578863709617
9.390277085032354
11.482083365774935
13.017380004734278
12.792674975027284
9.375633741424336
14.941251654355952
10.131698149354254
9.502004419797245
10.498895013483104
14.262764405569962
13.363390541443104
12.00820423693963
12.884552429655828
13.52401486379981
9.82067557729339
12.581699533620421
14.814328871506873
13.383824303388254
8.83222797051386
14.170932200632
13.859046864507151
10.30803247685217
10.678702704056672
11.07252588043427
10.966431819986243
9.191517992195061
11.490632430611953
11.238488543088007
11.856963024804802
12.019949478541905
12.7824674218275
15.694092152022263
10.963140433177701
15.923838774974396
11.858958547001338
13.42920374852308
15.060598808867098
15.64141582285817
12.10438966456585
12.046975711890475
11.394887498989435
14.597908390502486
13.932476020944502
15.907345725091076
10.949608562358812
13.325611419887606
13.394799004638946
16.79495345849136
10.074785864084115
11.421846622836465
10.824201403158735
12.412044851484337
14.015516873730514
11.46593267811497
9.312036573537885
13.722985574175913
12.337694634621656
10.559568736707101
11.452937462082032
14.442463875618127
15.269513550471471
10.857092400165719
13.937542634070592
9.288405077930006
10.80517206681065
10.79279548741599
14.148790060048109
11.731301231192877
15.696494139274416
15.036838375975977
7.759447373948847
11.63177209398038
11.00395447099275
13.672809111653857
11.753167409537825
10.115911507842013
12.23553959188747
11.857429221323313
10.540964992114565
12.82387905827876
13.546138522504341
11.027542649831023
11.039747079908977
10.918054524602317
12.116525923297667
10.336185119910775
10.505089718691552
12.198656030034108
11.537664109564684
14.977644049353414
11.858769951602047
12.32538166592424
14.203982874276658
11.344697391538626
13.909370063103978
13.867865791688963
10.229156544062434
10.668348543875101
11.401371981944417
9.840747291089567
10.877323001234188
8.456497306047181
11.527926713731183
10.576606333851483
11.777979280569397
12.147031824723033
12.951101829932062
12.751959525176488
14.098080443433012
11.181313260605805
9.669750904444449
10.19664730519909
11.431326621824283
14.031368121839051
9.242079636499623
14.092507994924093
13.882561288395722
13.126971327326693
13.938519452296232
13.401941205255604
9.687727048609043
10.254104687347732
16.799349393235445
12.196889770662406
10.20324973874812
10.038835775541504
12.048017920503781
10.811837242336274
10.928168402287582
11.917108083803312
13.052013838536277
11.595631406328437
12.524523790278767
13.345462609557387
10.700745985638365
11.770867318084631
14.284595104474619
14.067500480077122
15.242390402355472
13.537776899774043
12.092377655734587
12.781810631065358
9.577340988625645
13.955146122266454
10.840948700932415
11.564924424804959
13.867584655729516
10.421782433124495
12.45537445029859
12.59182350512331
14.23637054803336
11.713461304500301
10.341462707955095
10.812629451092013
9.183141808069209
16.268266183941915
12.439739948824343
10.237760060343936
10.342672719313734
11.911573365438114
10.0774651912759
12.381238477674568
10.874425153305266
7.922179259288521
12.640774353851713
15.82684683605713
9.603890170469963
10.63430037367712
14.257084325411627
13.086096635084148
14.25109458818748
16.762671743235305
12.350991960188857
12.06388934999778
10.375349980164014
17.996239303184133
13.580722630576725
10.951391178290981
12.254513702729223
11.673627550694986
15.238039939882643
14.160101701778549
11.529896398191399
13.691262959448984
14.881974079842749
14.939556197239806
14.551503580955856
16.059399690417266
11.369941952631981
9.649139090510234
16.131040150030792
9.1494854475891
14.197167147395842
12.13732178608839
13.443360044263667
14.544024608199903
13.94236304243739
17.346966315748467
11.375642270939416
9.457767841946385
12.093489741133096
11.696330634859127
13.284376038336298
12.299251519617854
12.509937275779992
8.111530512053706
12.89983482332469
11.314111592574518
12.65194382755614
12.417074471256193
14.380322442389614
12.606817960151727
12.492536656550172
16.071833495949747
12.903564640012483
13.880333518195082
12.886795927076225
12.079582146396069
13.584103319772854
12.504795082773192
12.389279010015118
14.500976108731912
8.983044436474197
16.000291499953338
13.649380414287139
9.89380295481658
13.133084541499734
12.183036209701362
12.7300464856416
14.828361441302768
12.071182776095066
11.556267538537675
11.48636846213548
12.026719636808528
11.639903146441364
12.273965178079779
8.007086007058742
9.71713737449368
12.514550169374418
10.313178267983185
10.12867102549325
14.170820129786353
11.365840815260414
12.461949968966245
15.10451829221079
11.553353363378237
11.995705182450083
11.404584751356412
15.284879168863155
11.888042769682023
12.661778635551046
13.05264993454043
12.39902282462245
11.696305348967805
15.193280492571088
12.840138388068365
13.16375013745317
17.016635068050004
10.50346095262657
11.361563936606398
15.97267609700596
13.227569139093685
12.913835407153925
12.24786569692918
11.272551090633407
12.375092101506246
10.629198434027023
13.087767147781214
11.891802387097712
11.071299981476542
14.717096744643346
14.690610514429162
12.39874906553474
11.688435218791154
13.020449528119961
14.643528565857185
13.993051975865399
13.508608121937991
11.862582877455582
12.961834859799314
10.207990197198395
12.694692254316067
15.468702829327281
12.256068864428286
13.675631435312159
10.743380233043888
12.557853648244588
12.43035486483562
10.06692130328146
12.690497145555955
12.926753805417594
9.006565664182645
13.516059505007824
11.977933594920854
12.89160241861078
11.253605328481777
9.167548943523352
12.91217128823156
11.719469518722649
10.662912363906965
11.798172951563426
11.558917888742071
11.667914421654157
10.948506190043576
12.006371435877305
11.153611987382963
12.897669387403052
10.142884610510242
12.828291039082385
9.414701390032013
12.082132029871985
10.582277861540755
12.218785218286984
12.57974997769203
13.436881569444337
14.76432461868395
13.589812252185977
19.034821182383254
17.429374200394946
15.568183248974714
15.061956504555706
14.970687415865005
12.408411517355
13.335219163071887
19.41076637566279
13.3748531853965
13.811255753795935
15.025324839492155
11.671668833833028
10.286348569278958
9.736465752992412
12.999914522175242
17.77063473574796
12.864770769327368
13.709214614642894
12.877071361323724
13.275893672793398
10.159567017050929
15.53147115275413
9.702274695479053
12.175092353879181
13.224892937486585
14.663753379704588
10.116694281836862
11.532100805487753
10.832569286990292
11.66003161193567
17.345989326030587
15.226563250948544
12.002978299487895
14.441566496001819
13.179340641129835
12.8845836365335
12.063142434694322
13.262132417806152
14.335028327785553
13.921053679079735
13.165345111122864
11.359406163153537
11.403781257506264
11.011788516692421
11.93432968889942
15.050902683792957
10.691211599073322
11.845045695664849
9.755834699732068
15.461905782106205
13.32905855348598
12.10998963234956
18.570195344664302
11.521234917684293
12.71740169064076
15.242244052271133
13.704640195564526
13.483971529256243
15.955151384648408
10.3780875594603
12.276537193759438
11.880624986346648
14.099380564946438
13.36075136561039
16.330774612165566
15.444742757705168
13.724182659313989
12.365193172486121
15.018570912437557
14.436755166832857
10.196062111258726
14.331766089849385
15.349072193215525
11.35907812754179
13.8512600885495
12.866153487741267
13.247900717705255
12.195422453215455
10.068295561024394
11.092227125869714
13.550542992619551
13.132556197796218
11.9575044158865
14.630037921387181
15.395084310584178
13.778122090130768
18.486893488067732
12.21200776414648
12.809643767510535
14.069209488089873
14.27555172536296
11.924448691049642
11.931754143975736
10.501071029811326
14.94895611992099
12.167625909945006
11.26339212569296
10.218482953688236
15.470820970914215
11.468132499677777
14.111951378855421
13.219309547755875
14.085450395987722
15.136492954929516
11.95666757398924
14.386851253166954
16.153846765309922
13.533492735090029
13.573769581090207
14.067644185525765
11.146529615534407
8.394056991078898
10.250325879287368
14.825216711607009
12.362854371462516
12.697470065461635
14.058722584328953
14.732922097305783
9.584217176350364
14.759091907331657
10.46887940222744
12.001053713690613
14.75122754993267
11.923899192363821
8.689829561238717
10.855358353676792
15.860893899793167
14.020493047538992
11.940095680823532
14.338406051388214
10.302514126998881
15.84408205638543
8.861930816586312
12.989237612959691
12.631478402694063
11.070636248445483
13.910427311099145
10.001456048859804
10.744423961211222
12.494466696285654
10.840612632400683
9.924474886636055
12.025286047441964
12.058944487086505
13.897755175964626
10.546353315825012
13.47821224441009
14.178059550499041
11.209605212938925
14.013399360770519
12.353414876073314
14.216166861037738
13.719953097736806
14.118548866086796
12.999349689527177
13.632925636675202
11.05473445820278
14.38672778610297
11.92688046638393
11.699710533298179
11.493572731246767
15.407423202758112
13.302156612111252
11.74461426216636
12.266753505955407
14.03347594924648
12.42897176453266
14.921856805410076
14.778146027213444
12.672563830045636
16.51893241632592
11.630027258611682
12.489039000463189
11.65073572549542
10.21461025516177
10.85445698571886
16.53112961609904
9.658893116393672
14.780254293091051
11.004529933708692
11.240833017746548
12.985861259907379
13.623043856203964
11.19957024957153
11.672717086095107
12.308662702718786
11.938368140893312
16.42674389322626
14.41993264785595
14.116643789031105
14.373120410307093
13.675459382394768
10.488887044697774
13.620486376597922
11.534048877563139
12.008496200591454
14.7298513747844
14.290172868011407
13.515677943292252
12.600947445687002
13.38609208590604
12.828469964787702
13.78557756780013
13.184994161747829
13.752698301639903
12.882160203772623
9.934409834948678
13.858668418613576
13.656010739200472
11.750556464902328
12.162273836334933
15.630789615379308
12.09565920606755
11.578732774507243
11.855494153835654
10.135149688417176
13.202038522499517
12.858220216619968
12.760804244174956
10.862123369912416
13.456220624568223
15.10193035985727
12.139306951514271
15.018912791258975
9.77068192462037
9.608478471730905
12.237507674228992
14.317666318834675
11.767597574870976
14.019493741168567
8.763816963845212
14.060813684760884
13.771223776724144
12.92708787089134
12.259584119332223
12.106832127242539
10.456870088213476
13.960888200996695
15.371390553263257
12.90052437377562
14.535024472743912
14.69158064330828
11.661280729901376
13.423733278430367
14.001987709794166
12.151835722003968
10.328986522956582
14.607913249492151
20.60190360593269
16.656966244268585
23.17587179139109
19.127922513957454
15.085923526521047
13.513613385569094
22.326128915519693
11.940246591388131
12.645873018631715
18.420609935605633
10.03695522499672
13.53186023465021
17.388466633858492
14.716396412242183
15.097214734490459
11.623600608474902
9.277168639251913
11.768017260379299
13.31823240541742
12.525997161976967
19.525192167163624
11.725395455831947
17.914582913941288
17.225524284447637
12.935860152941801
12.674830722068268
23.380132760106275
12.300171980780602
14.013935543791838
17.82460007428943
17.269667198472582
10.96042216821728
18.10699032310969
14.250891146678383
16.333632050067802
20.980910875253027
12.907220188724473
15.94486777367417
13.897910479174843
12.450511433580656
13.43769024514091
12.758797451396132
12.147404972994966
11.78160031257514
18.5059997058608
12.707612294647086
16.783403844202986
9.833746741538437
18.283338227349248
10.752761259696923
14.68177861539311
14.344291188187357
14.386119937528091
20.135730869693806
15.764954679686127
13.265822349708529
12.85636026168118
15.971596805469774
16.075893758202458
10.024656843960077
13.238201373588627
11.414236840195741
16.102488307509656
15.625972007753544
19.091500087378215
8.693198949824895
14.311891156257307
14.89355266493051
14.069063244039265
10.711520813283157
16.819439171948424
12.592722278149521
23.040607067363748
14.156069814747626
15.552774197260828
17.57261138448035
18.397011026132688
11.698134253150405
12.850177083165637
11.283390755844724
11.113907043231123
16.894295194182437
16.845762579238375
10.155737133909279
16.957891975553483
14.168030787977031
10.638347092390719
11.782581134916349
14.257187701954328
13.708057238862267
11.669325292197547
13.540370982106863
10.765139272194622
10.52636623610882
13.831538818927257
13.13266051394327
11.97238818522029
10.741703476358518
11.533437481848132
15.80829910282702
18.714013136703798
12.879923590168339
17.171198977077736
13.505745593542114
14.965023843377796
10.126562674262324
11.159702467361939
16.418541581876774
15.397935878554309
13.236146810420399
11.737973267401046
18.691667929936507
13.048502135366395
12.410478375139197
13.34765791619813
17.67965955500953
10.944111157510005
13.446530955088445
11.477659607809569
21.037104624239856
19.1055098614102
16.096282054374203
14.352165819860353
11.324010494010214
11.046940096655131
10.995970728809159
20.615795035811114
10.187431851387036
11.891858786068259
10.77093973592729
9.715963470308381
19.678825500214636
10.879713026385504
17.64707387553458
14.530571155417551
19.75675269115078
13.421432763557222
15.695380116883326
14.645924405580809
9.564659532227571
13.904366111790962
11.576582365152968
18.473485337426066
15.72550119709402
14.991929912403116
13.321077876595824
10.734641667163544
16.87936600896543
13.62639932389521
11.03076317008036
14.068104702335164
11.563824030509506
11.826943350307568
14.083829706394
19.521485798045287
11.665951924712292
22.65915467687034
18.827005092676497
12.966383493082274
16.712291937685933
10.2079214784047
15.860685543074295
16.655291741866655
18.694768747209356
17.940724312772954
11.544610693532519
12.86283121475271
13.80343537624612
11.379543410434787
12.808354672001382
15.796822958765468
16.359735485454433
23.867151742032434
14.184119539475208
11.594943531492785
16.466513894751287
18.59117804033726
9.888575044535264
16.306442204673658
19.189619600362537
13.876117351032608
20.8520544517311
14.059319829039975
16.5771798097671
14.649397290558605
16.616574576401447
13.437524811837916
13.170803677145681
13.074805553578443
18.060874592625353
12.083650683134248
14.971837271919505
11.432513836204796
12.886916433123835
11.9359831400163
12.688645778585618
8.678757651771994
11.205956702254133
13.986072317424439
11.27677745841711
17.808759684609605
18.260849743038168
11.917873607877409
27.708729250459108
15.511459681834966
16.189657327036365
17.54203740139489
15.059953379780703
10.380713344396023
15.021220722888428
11.865609781748702
13.93893688976482
18.539199117419383
13.555275264294997
13.76678741474427
12.541192703016279
14.205606780156922
20.691761716556098
16.575737270409785
11.221635476899774
11.30823249310589
16.112659831850856
11.061120779637342
14.815290732321259
16.93785646540864
11.256414460395558
16.06110585540261
12.89397930358789
14.194391659781152
16.201239678121972
18.80166446811703
18.15556030355674
10.405429251752365
8.240443123914261
17.089857414562598
12.080266835944155
11.613747249081273
10.88598206601098
12.937753506273777
14.880589902320112
13.216135359471863
18.478379708735673
17.008951081998624
16.288384442932543
12.17668186937791
10.840886894213646
11.05695366174912
13.63560309137189
11.123178625114724
13.01248469488295
12.308536770647516
15.088776703155373
11.02927057815564
16.5345622702857
10.709654718745707
16.484535779533495
11.48348076221345
12.0147753092332
10.584683635307996
14.438059569968722
9.25834904302542
10.501390257938056
15.316919768142636
15.546382891229811
10.839895862051906
10.186132042691789
24.766149033296873
20.851776990614546
13.647279119873817
18.414780231458515
12.357823038310498
