3.4027488
3.4417264
3.3047526
3.154244
3.073715
2.9745598
2.83487
2.7301157
2.649821
2.6018558
2.6018558
2.6018558
2.6018558
2.6018558
2.6018558
2.6018558
2.6018558
2.6018558
2.6018558
2.6018558
2.6018558
2.6018558
2.6018558
2.6018558
2.6018558
2.6018558
2.6018558
2.6018558
2.6018558
2.6018558
2.6018558
2.6018558
2.6018558
2.6018558
2.6018558
2.6018558
2.6018558
2.6018558
2.6018558
2.6018558
2.9100487
3.104853
3.0779538
2.944156
2.8206556
2.7665849
2.6871183
2.6139884
2.591006
2.591006
2.591006
2.591006
2.591006
2.591006
2.591006
2.591006
2.591006
2.591006
2.591006
2.591006
2.591006
2.591006
2.591006
2.591006
2.591006
2.591006
2.591006
2.591006
2.591006
2.591006
2.591006
2.591006
2.591006
2.591006
2.591006
2.591006
2.591006
2.591006
2.591006
2.591006
2.6492414
3.0981584
3.0442753
2.9469082
2.9173512
2.8842049
2.7660308
2.7372482
2.7372482
2.7372482
2.7372482
2.7372482
2.7372482
2.7372482
2.7372482
2.7372482
2.7372482
2.7372482
2.7372482
2.7372482
2.7372482
2.7372482
2.7372482
2.7372482
2.7372482
2.7372482
2.7372482
2.7372482
2.7372482
2.7372482
2.7372482
2.7372482
2.7372482
2.7372482
2.7372482
2.7372482
2.7372482
2.7372482
2.7372482
2.7372482
2.7372482
2.8798418
2.8986871
2.8769066
2.7946851
2.7237985
2.5910354
2.469701
2.469701
2.469701
2.469701
2.469701
2.469701
2.469701
2.469701
2.469701
2.469701
2.469701
2.469701
2.469701
2.469701
2.469701
2.469701
2.469701
2.469701
2.469701
2.469701
2.469701
2.469701
2.469701
2.469701
2.469701
2.469701
2.469701
2.469701
2.469701
2.469701
2.469701
2.469701
2.469701
2.469701
2.5652835
2.951057
2.8497949
2.7648513
2.6826797
2.687709
2.5850458
2.5594914
2.5594914
2.5594914
2.5594914
2.5594914
2.5594914
2.5594914
2.5594914
2.5594914
2.5594914
2.5594914
2.5594914
2.5594914
2.5594914
2.5594914
2.5594914
2.5594914
2.5594914
2.5594914
2.5594914
2.5594914
2.5594914
2.5594914
2.5594914
2.5594914
2.5594914
2.5594914
2.5594914
2.5594914
2.5594914
2.5594914
2.5594914
2.5594914
2.5594914
2.858786
8.37493
11.92297
8.111306
5.9655857
5.9655194
7.287419
6.504438
5.458456
7.1509404
13.454558
9.312622
5.7564435
5.916176
9.080657
7.7356315
8.990642
11.666414
12.53832
14.696398
18.00637
15.86047
34.63383
14.791662
13.5069475
19.286093
48.21135
43.00047
32.1755
21.54905
17.0084
21.427301
27.641228
39.30593
47.050747
42.48836
54.617886
104.92216
62.61557
53.989655
49.37921
60.38265
72.530525
111.931206
99.70785
81.11437
188.1177
175.41898
150.01762
52.427105
49.265923
50.927425
53.699665
64.03922
87.89026
76.49591
147.18568
84.27625
40.001442
70.457954
149.46213
227.0949
57.120987
43.128407
82.19626
53.519005
48.944057
115.41976
47.49901
49.504894
99.84442
74.022835
125.484795
500.4989
208.43674
71.48337
66.93945
57.015446
205.58264
284.31223
80.44914
83.75018
83.48904
79.78715
190.6522
67.937004
91.64857
159.0449
69.26513
58.50452
53.475906
48.556923
53.079308
48.321793
43.02861
41.485645
39.15168
37.446938
39.11291
71.932785
67.62428
72.55387
84.75404
134.6321
319.03253
322.33905
92.96053
245.82956
56.582943
99.061005
100.440155
345.63824
148.2558
151.37946
215.37498
206.92465
233.93376
68.270996
109.04579
84.48225
90.92429
181.9852
102.68241
189.79599
136.92584
159.00969
115.52562
259.2971
74.542625
67.43976
67.08704
64.65956
61.793736
60.68854
74.964226
77.97161
74.6233
136.16614
87.646706
75.18796
73.44499
67.05345
65.65791
162.68315
150.45622
316.74088
110.18058
181.25276
241.86092
189.96632
281.53888
89.23972
91.36511
215.50787
339.3189
181.0183
191.2395
244.95132
307.44925
88.43127
92.20839
91.05073
109.73406
178.89825
165.33438
165.70114
177.30995
187.4541
266.33746
268.69424
183.44147
247.98433
216.72105
163.13649
177.17776
149.34392
168.75246
254.00919
157.31792
230.48996
167.8164
170.79066
332.0585
245.06235
188.75955
253.72363
221.14786
215.83157
222.13795
173.77763
241.44495
116.17694
150.49141
115.95165
157.59349
97.548294
211.69687
155.15263
113.79082
207.18515
196.8878
180.35732
195.80092
179.0834
201.53809
286.10843
223.72507
247.24416
245.82855
247.8569
178.43597
291.12848
425.71637
192.98767
178.6954
212.98161
228.93489
245.82112
221.18045
276.9901
456.19287
269.7032
261.63846
470.78156
434.2426
505.12952
263.39148
236.01161
243.84653
262.1737
219.71788
331.99222
319.94412
308.6725
172.32063
449.8929
233.88004
226.38828
271.25537
238.24979
235.58394
224.62743
221.92734
153.47447
106.53516
109.46057
127.02504
153.1808
157.31184
102.04186
90.950714
144.24373
249.01242
269.28622
313.34363
254.28766
191.43745
173.29303
125.993416
169.68005
253.72168
261.51
214.89171
169.53107
191.03049
182.4396
238.62767
275.98935
261.57697
208.07932
200.96588
182.36272
213.74446
235.49255
206.81569
261.24918
224.70818
174.298
247.14511
217.49327
226.11847
218.91544
254.44258
250.41272
168.10083
189.72365
197.91083
432.03555
174.39233
190.50693
188.99051
214.6454
201.81265
253.419
482.81918
582.23083
229.13092
180.5114
243.83014
487.59033
297.61108
177.10503
263.73816
180.08641
178.46747
258.52234
265.0508
162.0934
156.83829
253.3973
221.63715
188.59705
168.12022
308.54993
206.50803
196.62288
304.2048
173.4983
248.58243
185.74223
160.8259
158.00496
203.78893
301.81696
187.423
192.4166
181.3411
194.0107
265.07626
280.50168
166.79228
192.76393
192.65887
181.9721
197.33095
206.82025
210.14174
168.68636
219.44542
189.1732
165.82195
166.17159
175.71008
232.82382
200.37971
216.61311
205.92033
176.91978
201.33429
152.59015
167.41554
167.38481
162.70798
175.06406
194.93286
207.41603
200.11244
211.1249
215.90552
203.87694
306.24643
212.1577
262.94974
235.04994
214.3469
205.77966
169.80061
192.31413
231.2058
171.77075
146.2632
307.1523
168.352
225.04193
180.55414
253.87166
193.31812
160.46025
122.08386
154.305
200.32416
167.56975
270.84918
180.60966
163.54231
180.77614
195.30801
164.77496
177.35077
195.967
198.12535
195.05525
196.4021
188.81139
167.87401
204.29472
225.7543
210.81929
195.35931
164.92336
231.30804
192.20375
242.26598
239.23895
211.6246
250.54236
195.9098
215.94197
171.96704
139.53532
178.25107
153.6989
140.77614
212.6293
323.51242
157.54527
188.70738
141.60216
155.81548
157.73419
137.76334
147.3742
169.37892
154.79926
167.2041
141.71077
150.53262
195.49213
165.28114
188.46951
168.97076
178.32811
195.63249
233.91458
126.11991
128.67268
273.98285
189.00587
142.66739
149.78656
182.87772
151.1947
148.0987
264.71115
170.00395
156.4234
188.97249
210.39601
270.8541
279.0239
181.52809
226.9191
298.40216
153.51752
180.09969
145.02296
177.40543
171.33171
200.33649
143.67256
143.28093
246.9148
213.38512
255.82935
140.4015
172.26735
179.11111
178.32895
206.66544
153.949
146.12053
199.71634
176.00471
150.1952
231.1468
180.0517
169.0784
198.64467
184.14607
147.54845
115.54412
163.73416
167.10878
186.30151
173.40482
158.3354
180.49457
238.36739
231.32967
206.88655
225.2463
185.81819
163.01404
152.48447
210.46738
196.56264
163.57246
177.19505
168.3607
162.51178
195.67947
197.48567
155.47441
148.17708
130.20753
150.5919
185.69695
174.91014
242.233
182.94064
320.94452
276.7106
258.88153
184.56003
153.95645
239.58322
198.3375
158.65027
205.87555
166.53427
155.30537
147.87764
184.77385
140.15207
138.26373
280.46484
339.06418
223.80617
244.84601
211.66035
195.13058
139.69418
161.96405
199.77386
149.79466
147.78296
422.26172
137.70923
143.1932
131.74942
108.34355
104.45595
185.89891
171.52307
154.75746
148.88335
234.51369
180.50063
146.32248
133.67754
134.28195
119.87127
237.0589
128.31895
99.90504
186.77611
181.83896
167.28497
253.03807
273.15698
209.00009
181.59062
646.9149
777.90784
702.33624
660.77765
579.76794
533.8524
461.2303
408.15234
357.5064
311.92557
253.10883
276.156
185.43764
165.91986
213.75562
218.05171
308.40714
156.10129
158.04723
279.9846
148.22804
152.77574
229.18015
160.60533
510.45737
394.18677
146.38696
280.57993
232.93042
117.45291
189.1512
166.93588
350.44473
824.487
112.884926
248.40796
184.9069
208.19304
250.77852
231.07617
262.3009
238.6778
255.07912
291.3341
336.0215
242.93802
246.51958
268.57156
311.2775
381.9272
254.39386
432.02704
416.7834
311.28372
444.22214
335.5478
374.69775
313.5342
265.40714
419.46344
309.5761
565.4974
382.73395
450.54803
449.42062
431.87708
313.4413
272.25745
271.18466
335.08173
253.5593
439.7013
373.78616
559.22473
289.8288
371.87668
357.6237
262.05313
223.10999
216.03807
237.73105
300.39502
168.19505
192.14166
271.34598
297.43576
529.2728
145.57057
122.27048
578.0525
164.82791
122.55579
373.9045
236.47928
126.10803
277.28128
170.80734
93.02112
331.1493
649.6717
294.69928
219.59155
207.21283
121.27465
399.30673
522.8256
189.8497
254.65778
135.45296
352.8122
165.7787
92.57958
90.677505
165.11856
428.11523
136.86218
345.83548
305.43484
254.93939
237.94266
172.46019
336.0701
282.42578
138.5281
318.7129
152.61026
292.723
162.99883
132.68253
244.8563
321.21375
141.0473
137.45964
110.10703
92.773125
95.03857
106.7666
127.75522
151.0916
184.50412
170.7884
616.0756
214.89154
137.99187
491.58307
554.5017
314.66202
160.5404
415.52026
396.0998
190.65486
140.84903
137.77
813.53766
131.64749
115.65677
109.09117
162.82765
202.98457
226.82576
287.04324
211.7871
266.5497
316.14224
322.9771
354.07077
289.57425
272.56204
385.5066
253.72481
354.63654
248.68394
246.86755
540.3408
521.90784
308.47552
243.67795
403.4116
242.86237
246.62453
253.92941
258.49948
326.9499
417.9221
399.19748
371.85492
543.2095
545.7467
561.07745
411.69952
275.73373
248.6746
503.59943
249.68147
442.7311
397.5889
268.76492
368.51767
165.85675
138.98755
132.5336
82.98445
137.46211
145.74333
119.70691
95.51324
119.734085
113.58113
179.37784
247.45322
239.81334
252.98016
283.3999
266.72864
339.9452
243.2798
255.05269
286.08047
270.79514
429.08347
320.37396
291.3217
308.5814
269.5838
306.5873
263.15057
256.14944
339.8123
251.91235
310.16504
245.33865
234.69315
268.1735
317.65118
531.0226
562.92285
393.53165
296.44305
311.96512
281.5089
273.037
347.58224
310.38498
260.0459
369.74826
216.92444
276.8618
287.2054
299.3497
226.54301
248.14946
212.32776
183.94466
163.08374
150.98582
186.59518
157.93031
143.98439
200.80711
155.72748
160.81297
188.82533
192.61795
152.04532
156.7659
205.31349
172.42625
148.30501
150.65968
184.48186
167.12878
185.76979
181.73611
145.2653
194.70349
190.16556
209.79915
215.53363
168.6008
551.0942
351.0402
146.44643
196.0054
199.32832
249.63483
166.82425
208.66225
164.92572
202.06903
205.13153
269.62616
321.76007
303.83542
290.58453
309.96863
181.86525
175.11815
202.62843
255.15999
190.8672
118.91103
191.7722
194.02728
139.14511
295.71045
136.35487
123.24744
234.70964
136.0115
227.71257
164.7469
143.09462
170.27231
158.01425
176.17018
124.426865
157.18155
134.03784
194.0306
166.52936
203.10646
122.96572
218.63937
143.31503
110.56376
133.66635
196.69562
139.43907
158.3195
183.03099
250.88014
227.20686
245.29123
213.43787
180.4782
182.50154
115.79832
167.92834
175.34865
157.83127
148.53674
168.01328
170.58844
181.41483
133.03438
180.62752
168.97455
223.58733
139.80959
151.38528
309.8344
165.49942
302.7455
204.0309
167.22386
104.22604
141.77791
178.59697
176.64848
162.03885
160.95671
217.13422
144.92513
153.81967
203.09744
151.2374
180.70964
177.46338
117.27948
111.86441
250.6233
232.86508
152.06429
293.60822
181.85222
173.29536
135.12651
304.68985
233.52498
264.3324
245.48833
197.58784
256.55374
226.3913
219.35275
154.64218
217.48837
210.24521
255.3257
197.39119
145.03181
226.0367
194.56177
315.1402
217.72673
223.50949
201.08789
161.13396
231.25606
189.92903
226.10608
211.86676
156.62729
266.00674
206.01102
299.17087
213.73293
200.98268
207.01784
168.17374
223.24805
305.91373
310.1086
331.7069
289.39502
292.46912
229.04236
195.99239
256.86948
292.90067
220.91476
264.36823
151.51955
309.74234
184.84682
230.33398
252.10638
210.25862
258.4732
211.2464
186.12813
221.42496
281.41492
219.8016
217.81934
213.72426
161.66022
305.09515
207.62053
227.63544
166.81
253.88034
181.43501
166.66695
208.79512
144.36456
213.55977
219.5466
259.73633
217.36746
189.10538
178.04549
212.87524
212.77231
217.20291
208.81712
206.99939
237.1814
241.12137
284.6486
255.57986
273.2567
232.59128
334.8648
256.24554
246.10696
339.75687
291.05167
271.28625
407.58676
267.26935
282.5621
370.72427
228.46362
287.37946
420.07657
297.17776
436.6224
441.82947
363.16562
349.87012
347.76535
246.70137
291.95047
291.70975
339.65634
305.32123
378.21494
312.06808
234.55315
318.20102
242.85669
286.69943
288.0694
332.49515
298.97867
263.0708
166.54387
152.12611
166.73706
162.88254
156.80862
194.81374
140.96324
198.30753
195.52461
165.9944
182.43451
271.98468
197.20438
135.69775
288.3782
346.39432
257.87503
223.43008
242.05812
250.12335
279.36572
165.07243
289.5969
240.04774
218.28738
222.59798
156.61496
178.68527
179.99364
179.2295
272.69003
157.26448
208.5702
184.32338
217.68909
188.47333
242.2357
253.62808
215.15332
278.16132
209.9358
236.45749
256.27185
127.11718
196.35918
255.51682
206.93695
104.19683
180.23657
153.07254
220.66585
136.18387
229.84854
149.23778
137.93997
167.75864
175.2131
123.76203
157.5985
152.90022
148.37183
199.51404
150.92511
156.87424
165.63951
134.1863
151.39006
149.74818
154.47818
192.03038
119.3226
152.05984
195.97137
217.3929
142.05319
178.49998
157.23894
233.47182
296.4371
277.0059
287.6605
326.33167
243.07767
239.15398
205.0144
574.9869
204.36307
158.75171
207.74544
199.16562
143.35246
157.49883
179.18224
245.857
241.95493
149.11104
177.12228
159.56392
170.5912
120.463486
259.2808
112.675545
379.09058
130.29514
134.34113
187.05695
87.12997
121.492516
316.0008
243.92592
166.37381
132.65059
142.34303
140.64459
194.90248
191.37535
161.16309
241.32965
237.87953
233.1907
263.08255
287.83585
223.224
313.03177
233.86432
166.56888
198.33873
133.7476
246.1031
164.26682
202.18466
156.24033
219.53633
150.59859
157.16692
122.39522
95.62501
131.76328
294.75772
167.23372
177.38683
153.02213
137.43279
223.80824
155.7586
153.44363
185.21344
165.36783
113.593834
172.06699
157.2493
178.3648
148.18576
199.06702
133.60316
174.92682
125.697655
121.49553
