32.05157842537125
41.11457268162403
38.7069933436182
49.094704077611404
75.32538263892071
75.64408936100898
70.95467685778478
71.72493886882246
81.99711555271458
81.99497838317622
83.3384719417584
70.66245123640196
62.71123273779116
58.60939141274382
61.090567526204104
70.73096891396943
95.52499860969581
109.3039968715288
111.5951706100015
117.62978904918485
107.45400750351023
99.86435396957508
110.83436579372973
114.40465025001022
139.24692629235852
165.41776765573533
163.98935694827233
228.0241696154281
226.40664750135562
194.75729917090845
183.15980776233909
179.3817887542678
212.10220386147793
269.84519438039143
246.82255425289426
238.07552955090424
211.46072990568595
182.6265684887869
176.9679591174045
162.38539916241075
19.281701064987082
40.691038944615734
45.22158697262979
43.49145655631775
57.96440909682056
63.05070169026521
54.905844775900626
49.312405106585295
47.683522949904
57.21681232354758
84.19906195826412
109.55636881035161
114.10323867164028
104.64281245194559
101.75083063166676
111.22413643370494
158.80170443574465
144.42269666495824
139.9555175487349
179.38860902701413
211.6332918487411
197.69626165943114
169.3749390868495
153.66906386121872
161.02052379351312
145.2571874813749
169.561180239745
172.20717031219823
156.35072683375887
154.19437803823746
149.7099726215424
148.15927068706975
141.5413459804235
206.1019799589604
206.25250561330003
178.51360145895882
153.74909941383754
147.03562598856405
181.80114673783828
164.37909137780665
17.727916067423617
46.89801263788255
77.10288504655956
113.45773944100013
127.20059237707486
152.46701830505452
178.82565807327936
174.37750391917362
175.0466852045176
157.7640539357005
134.82776425401474
118.08406216525852
105.43518165134469
104.16499537373397
116.13708777347196
107.93890331730121
95.51776427093016
103.85050913350189
133.33825942884775
129.5702056434735
111.34137732870973
103.21865773563445
107.59055430200834
117.28878575693325
152.4492271076677
188.7420076292993
246.13936091180983
219.7996163128304
194.7424925360405
181.22991408565127
204.21120153042236
210.50409418728557
188.41669480167485
199.93258165594128
212.72949540694862
198.68853792044592
173.0495737041292
158.77574953136883
150.96675274584902
137.52758705083258
21.299238715938497
52.86056782561057
65.17285028225633
110.76286537678574
127.12056300879085
132.53140521434403
142.11356103844534
131.60833301889966
141.01393794019236
136.16719412752184
126.36297843658618
114.74996261089257
103.49600777816356
108.09601528882489
102.34206939300086
119.88538416515705
136.8040966472916
148.08480210992045
155.56120788994312
143.87363474225916
129.97576827694283
133.00423857631068
140.63388863297354
160.6949240969123
168.14960663657186
149.26204488311103
141.37994550270935
139.70868366143287
147.40646967286622
178.03185478022934
176.0336359353228
182.01082040940668
165.69093588582095
155.61667922091502
183.21050014420982
203.27446576815962
227.49985969094848
213.50409815553664
202.1553413043604
181.76957576857967
23.178028429285018
76.28245133647029
125.9057241224383
144.84457267183896
157.432773217236
203.27418582657978
223.97462250420514
214.5184367317053
196.4337449142097
166.97430000591032
169.13764967970164
154.37374119235562
169.8473489944767
160.18185663257185
140.87795463260568
136.53008137705723
145.91701154220976
196.60117355889693
203.95637003444682
201.99892198761233
175.46689848923293
186.56951664754277
168.83356246632542
149.4395579023823
145.35727386817
138.77826402018772
172.04043694482556
169.25024747379018
161.60054583585438
161.30943171266742
212.8763373848042
197.41847311130405
210.34563211713476
195.0657447032105
169.1249540335933
160.11522462228373
145.0559958498935
131.94115931184334
122.75394394835902
105.36658257668574
25.604197867447752
50.588245190253076
41.8340883082117
35.850926592630245
34.16929568430053
17.962349977590193
26.043468690290975
61.453281845578765
90.12283022539242
64.16461801411728
27.095472131178095
19.30868905656606
24.480650621315128
22.951520308944446
39.95023774370732
31.092945023025916
49.903321924867576
66.42977554758055
62.567364149852914
70.0780933306087
76.93207685174409
70.31397639999707
58.21809203203734
30.095031552504384
18.329466720581472
27.665870701891365
36.8681050851843
48.4335832164734
56.29735707444316
79.52011179498831
83.31979375448087
78.09347316937126
61.34158207075896
29.135172048661342
39.82167578468568
40.545267117100735
29.15418607333835
20.499623375541873
21.597726402354137
26.41200111404998
15.651534212352473
21.481939265562037
34.69130341061682
55.884016242577566
73.0923434960633
104.01216945370923
117.65134455376922
105.85573380815488
125.06862529114287
126.71144777646649
119.71424268874668
117.15821402137479
170.6309141509043
172.23884139460952
158.64289502688416
147.03299470155284
139.8514645658795
132.75495314310703
148.3099168094973
149.279057986682
151.29353137525598
132.5313678107988
129.5200102787931
122.3688728875198
120.21644878761056
169.55119096458037
159.9420777734199
164.61695985172432
153.91430083028013
138.97918076640363
183.46534924936446
178.67666227105317
164.99040280276307
187.605387916184
171.71018474849507
172.4963628801947
165.4007616092764
148.29450700958293
136.21914760240466
160.77991518883903
20.81500583610718
20.372093420814345
30.275518899300785
59.93350087911728
25.426193636750234
37.97388001195878
32.53556296292768
29.147819867137027
35.396474367264865
78.46459837742302
104.78603294974181
67.42192673495128
26.408402944012202
55.698131809553026
78.24883345196004
75.17418759446674
37.601358856527106
67.1750082494907
26.234014741499195
25.023676210805792
35.772364792543
66.12250723007008
19.714373021046598
53.8081688349849
70.62493597225169
43.6476998046245
39.9179535194003
52.78097393227847
80.09850564331454
35.87568348639527
54.529283791157944
68.68470631453928
24.458759152091545
51.97538789651015
20.226781398412648
20.224908732407872
20.382797346977203
32.8927052861094
64.77435158560762
28.660857035744872
26.094918624005423
44.906580617277015
28.642210815943937
49.28582642196083
61.26411306471557
18.864743294439712
27.295349408454086
22.640335099667485
28.34604229862894
28.96642658553224
42.98071115852854
20.344151420396955
21.101270671550907
20.613741664924593
21.582412952972692
12.012810377765131
22.75478042532915
26.671045180452264
34.73314354769382
37.308037057564725
35.51135493202914
28.323942732044234
42.707127943835815
67.9965392262074
33.57200247840186
45.9128917455235
27.67510837690472
21.729635759817466
44.032369115704654
45.80833401928705
31.672494666397178
15.451105928502221
31.23222884275861
33.04868483319356
46.64434016914277
63.64544555137813
25.715617394539674
39.68197928753999
17.757770436255132
20.49618238428512
17.552525063263886
15.678693469147186
26.17449953143075
48.8262254529913
23.015937627378516
43.14705773332554
50.46309219275978
23.16609514838861
27.549851267513798
28.591462297363094
60.51856765491475
26.331051649981625
34.9289897499511
56.800836747775364
45.5332727509585
14.702764925987918
26.466595374080594
56.072293521891815
17.178267017560554
35.51892125115004
24.25867066858235
14.28578987776761
18.592210857769732
13.94965177142988
13.452992739960731
22.6830707243629
14.98612076412672
30.386092657331996
29.918622912355975
23.364351710099893
47.529215358884144
42.79487051698222
15.375658365653955
21.548660120784675
39.45236153121329
33.219482076086045
23.349627397066257
46.50307455922193
32.67043961800006
41.269810420966266
17.79851015948737
18.547952960543384
16.664566921335474
27.01422840445799
21.75541177227642
31.33521647456477
42.470832265882336
53.57029505048589
43.18537592185022
41.562306463316794
33.73152529719689
14.493501829266776
13.784194558588144
25.009043017671914
55.428192307844746
57.31634140369065
12.148999213266938
34.412564929803395
25.27625565505668
21.17392788530747
45.91139482493894
21.406240033121897
14.729372040844767
17.26899528726876
23.525004683713245
56.23927077711847
96.10740311077721
33.89119009328837
60.55918528738251
82.05647783064526
34.73776518510189
23.072272257947013
34.75582326989838
27.388924424877253
12.956975145854452
25.023140718804797
57.49143319709008
56.09221739633929
29.37611953469448
28.234291485024055
16.867480014651097
35.772215932065954
47.66873298953816
33.87136014719828
40.77691418758432
54.21889573040274
42.74788890390481
15.50768805013846
24.33845976263889
29.762186600585142
42.38664936214312
45.62855802936641
12.615775841849688
43.639328153408044
72.85375236409813
54.05826403113878
38.09455851725822
34.52584478828214
42.4489463820044
18.33119236649353
21.517323149836763
42.71952929691848
18.95162948375287
32.74433194106014
32.892971643655585
23.278153867741228
32.27580431730932
57.616021089762306
14.77774018564565
22.44224179831976
32.53633925986094
45.95665898569932
22.23179201364536
32.943730657119346
40.7562928566696
17.24315444632609
26.276401965615836
26.687438819462937
31.717110958682955
42.515775658321076
30.583175931183657
24.048825545791484
21.597754386673518
37.85282417180379
26.933576569512294
23.046632516830414
15.962737519840168
23.14441886448901
19.368819331412816
19.926934210361345
44.61143988329028
29.888407872963036
51.152956732915655
57.819505598190915
21.412908004763107
28.463393816193555
27.22007197639822
15.299220360463528
10.420120465262338
12.212795943256952
20.25458109502041
44.30269700544457
66.16941052820438
81.74257419999057
27.560145020700787
55.251519822702654
15.790599914308975
51.91535051199443
44.035262987096154
50.238133008890564
36.33254700152066
32.42398299283239
56.63094840733156
53.17970563330998
39.16627301353119
10.335344052943253
17.91440997535681
60.563476551220546
93.2901486110031
31.757192447697875
15.682481066557719
17.428531956253355
18.2617814982656
23.63359686139765
30.696031032599414
63.05051428660311
46.00325666834822
39.74640517880074
76.03095831445438
24.62016759317497
25.706927274962393
26.134993692118965
15.376120507289391
21.14476290372845
30.112932573350072
25.589597774247014
26.378404586568454
40.60617901774125
51.368357270179345
29.873259851711897
25.506253755065007
19.59761673083483
37.04991879723179
73.24409465758394
63.1039104644957
34.462098884090054
22.154371616919686
41.98451664043788
35.774319132855084
30.80704595150599
26.640243064096126
14.107261685549213
39.390214863150135
67.02545500224436
25.48937402350041
29.08379167239069
13.82097454017209
16.072321464322805
37.52686511855711
73.00645249065452
34.990475301890996
67.10748672348764
152.61118751353123
202.55480729517137
227.30911235551963
237.7426518801598
268.463913385211
253.13143230203772
227.4897579551138
247.15110085242924
213.2830366606106
187.5472226702147
183.12977315816158
229.8419772772385
209.83533848530433
213.34675704508464
190.81567820560397
185.60666472438518
187.1186533875747
204.70499110300076
234.07304567901673
235.3272203686205
250.68125867230364
228.65585256459877
195.40472273989454
166.18239165882505
143.80489956002515
129.712764554874
206.59806722112873
184.01143254312188
160.50519449378695
204.38151840893397
195.007221937092
185.5528092924051
228.84895089616796
210.2591752562078
235.94546048681966
219.8831594262587
251.32946583641967
233.27856408533694
12.26576163944438
28.07747810189333
29.42758395820633
25.660112870377677
14.66650960124869
25.564827938724292
19.13999035114469
35.48284909017529
62.892448272333496
37.29363430740925
22.18767102879963
21.308742985649413
30.81308292450718
17.054151480601526
23.728518671742613
36.34273568331561
24.480837273701212
21.89407557266954
20.343526544158305
33.78766968940342
43.53441706684592
34.78964481764784
24.06185520337433
32.263654362075904
22.986142815143275
18.85178341080716
37.47004379800229
35.76481004405581
29.1547978550683
68.15422187253624
103.1321609725446
19.310834353634345
37.27877518124077
47.049335958072525
31.35510747570375
40.22620082572018
35.43116703150251
24.09987730639542
59.2308242530835
14.59646906162931
35.588408370265725
58.313894930646235
59.99300976310179
30.504262637044498
52.085202562622435
16.642045881023943
17.498583570976084
27.902155748309223
39.089826999635264
27.56627894005197
16.750335684992926
25.742756705631013
16.785550686169756
23.170048775689285
53.43150989897149
16.550823324971955
49.51841222010614
83.77950652230263
28.368142353936797
63.5741862589042
22.76895720571975
21.26449194999767
44.271703236617675
36.01699351182303
62.34797962573723
33.24590576889361
26.73418356017382
17.81519322557796
14.209603152024563
31.8051590194372
46.242064325592416
39.05715216613475
63.722658169231615
20.05985420847235
37.67382434045235
27.513687450892533
46.36805509298973
26.31875826945547
15.853565653446905
35.75770561102018
19.2505253401661
22.858614467118663
23.04760758008155
30.908905061411346
27.1732690030601
37.813850274578314
32.81147699604943
42.66695632448225
24.68836000158733
22.064174486037818
20.951906121867424
14.444213665715942
26.987579551152038
41.11692822419174
26.7913530540248
19.58920854875689
18.99474374704656
30.723314017929535
25.00745807811691
54.68610912200664
36.243085290171486
61.654006682390964
58.054832328812324
22.807738322540224
18.241369556647356
27.792201878625114
21.854919114399156
19.396252824136994
15.561182967457427
17.99104376274031
13.234244991794283
37.06034441762095
27.78285053011059
45.90751227140102
35.958483509942155
20.001647484361754
20.983046850867574
20.76251260158268
28.88673541601571
48.60892168127473
18.674502568159703
19.488021775828326
42.80420804214438
17.3946686880598
22.749179218715565
25.794623332737967
58.40454011928467
17.9811883412189
29.294423377365177
35.05091856855026
14.01357733238176
30.606101545214585
24.98570087353112
34.943141636683016
14.81715340358063
36.17344167176157
37.11078311283411
35.79729595383036
23.928858331119145
26.425283395711023
42.504203895377074
21.346243296157816
34.56296309968072
36.48315576958247
22.153605396582883
25.10249281945212
33.26175464112313
43.13888983751039
17.35846941018157
17.90589267347079
20.856691834428286
14.302961987518573
37.84934918610204
18.458721746242745
46.63105407613398
22.855265540907656
33.81926628466002
34.413356253338485
31.44266557814963
27.52534072100611
31.36167928493461
43.99484826833466
39.63224129537046
38.794008698396354
34.316833753118836
20.46516369351754
19.351345531302893
35.36372252927642
39.047497096997844
32.97128919015442
40.560575689432255
26.444124799358917
49.494501280456824
29.28168489083062
36.767446141406
23.406931355683454
25.206587947085264
26.384737854232434
19.513187612335944
22.24140736163302
43.28402050019582
46.162631302135786
20.82783711419271
26.5060536139634
43.36029983719764
25.8482408307987
55.90035124561451
29.127865499532977
26.90538404329914
16.059687947912842
35.29922941707126
21.83713349749981
24.90752063788556
37.58140403621306
15.4401216727523
19.228748030597963
39.19619380877157
31.026351886806314
29.96631107523385
17.940715936111147
35.570707200934514
77.21754267323576
136.81703676149186
143.06333441692556
177.5476207183587
207.93884617877296
229.43942862126045
215.0648906946123
235.71067097038278
249.2085020777296
281.1116309012651
264.70717530166837
265.85120076756255
248.93404347303928
240.9737156023574
326.01210731959367
314.21414303052103
281.0111333241152
321.7180812956438
299.91569896470895
322.6005538385006
392.80042608616196
379.0963345096486
338.2212179671295
406.7489691056273
428.5788551576071
403.22041307871615
411.3175788704218
425.52688956465175
402.28339052247884
359.7768149143263
378.84911376839796
378.60389730443916
369.9153288804479
353.65713576277426
313.0328196379201
347.9932450766749
312.10824242667667
301.00432508579735
301.97677777883575
30.802737188371903
55.79508318173888
54.70091967205341
59.37963065935769
36.71282692118052
27.730713257356047
22.038188792273445
25.87233154491631
21.378972907805203
33.3211743044302
26.84929855876971
41.73770184638098
19.81865346340836
26.22164089760338
40.07878061814885
46.829821226801286
20.147217683159518
27.403749435545972
64.6798814269234
73.84834255957654
22.657713812733142
23.38860855815708
23.712076095787488
37.790099459687326
32.805407400518085
23.13498566426653
64.95754635069666
46.455896120218824
24.042111391027806
17.63827899256663
14.401326589247255
13.819860116448963
17.29063739640004
23.327452855959734
30.860708160328596
20.85875629794187
19.294702077046914
38.815234809705366
20.820204092519976
18.708790591162128
19.549354033308745
20.717982944865216
28.29308372169314
38.64092022689113
17.69602409901051
25.490744499167135
34.85995355703912
45.5019184473786
35.74395777733357
34.374276177949795
28.79834019898649
21.4166903543691
40.577824746609735
20.342996782279478
18.92475220954209
46.98638802149217
37.67664391761698
30.010240340467238
17.203786966004312
24.04618603115582
25.18596500661604
26.291124283724365
25.87686320714478
19.558440385029808
26.44243173207948
22.69115714422811
14.48810964014883
24.16647629147838
25.591913770335125
20.84499311403551
31.722192203822058
19.104548646502135
30.975410055563454
28.032048785695793
16.726649355287975
23.461150304240167
49.4298158278293
15.831676467879912
28.40534817719226
36.65694102473244
34.64694755187784
54.32205467963873
60.732392303615825
57.26075041134607
58.20326406216904
53.250534274781714
45.74376595361471
17.529282755318405
60.06134776277437
41.489018965516884
15.76454760441912
26.632044159251887
26.255412245770405
18.468940999985247
25.68023611584555
26.799161567247147
35.55562453847483
53.36547007147377
22.876716036504543
31.18393984008114
24.84435998866266
49.68323084719989
71.04367578666614
74.14767349414775
38.783513922990664
78.44596685606217
28.848473489099764
18.099153715061117
30.435270614235282
40.59796354286397
76.4323042385255
61.05752852334748
41.05748907449532
23.6410869546452
15.97369931325127
24.717834009668824
22.444788371691043
50.86384489846349
19.925358145867467
36.25511251317221
26.458736181917097
39.40950955342677
37.63591115378646
38.4463135890605
21.534239519156063
23.4904278379092
41.35482471247989
40.31229197723673
22.926943198141696
29.76580754249326
51.01546098549102
48.06388026573726
34.60749456063886
56.60263566083935
28.39069535053472
23.980923334021114
21.016282325488646
21.161503365549486
25.66858816631621
59.96539486498365
99.17721532782039
78.26271973430597
24.00344823382954
19.3027300171398
24.787290067171146
34.131791324845096
23.03111154162559
21.107701727184892
29.417771001746047
30.681033525515172
19.174284515540414
21.73415899302147
17.440402424593834
16.273142219385857
27.130456887161202
28.810428672849692
60.67621331799633
29.404599805017043
44.226951914564836
34.64851736157833
