14.614946991510681
18.52999917108984
15.684869866838016
13.276586818388623
11.366698858242016
12.352697401067491
13.123661790452967
11.108631223297715
9.40299206315997
8.934502037973104
14.5505778167801
13.21349538062964
12.233663417587328
11.972586093954915
18.12481578912733
16.629615264362712
15.716337845293614
19.05083247820048
23.563293669754234
39.26517633717224
42.174873749564355
39.19391237982783
45.093084136767544
51.16333187248314
70.07700425999201
90.93416119017587
115.59188230520618
48.393441016927845
51.34267606788709
86.30076391529438
98.58500827667517
130.74114847386988
92.52745537049651
30.105123015830905
31.5974752957466
45.12566565559196
56.37359652963916
87.32483616515127
125.26788910122781
125.16678543684453
36.253870732076706
48.644189205117456
74.64882309224387
74.66693823526953
64.70544851975905
59.48539408894332
52.243977743698956
48.204909307480875
42.506765273222115
38.14104084952664
37.49630047658384
41.93520457099298
46.31069729868622
57.47068174583102
68.9894614501571
61.76134017715236
13.381671168213822
13.571594882476589
18.52067924570051
17.500942739649854
19.959786264792964
25.452486495016338
23.403578444444786
21.222627756444158
20.424546524108873
32.5782841274211
23.144033068813354
14.983430210556719
13.09858288129176
22.182100082531694
50.16334319755191
91.09636015066343
101.98355399207658
43.64349310512093
37.3838193932173
38.93501326243713
32.9568615004434
42.070459027546455
20.59700651306099
49.16147885715606
16.809426260625077
13.46117488351604
26.730964792748594
34.83335758829105
33.50807235616544
22.233895791966
14.522945078969377
16.686212990715923
14.154741504470685
11.981397108896683
10.141751909474097
8.584569133172904
7.266478992981652
6.150770776765559
5.206370400967693
4.406974952548413
4.001431875969853
10.874997214322244
42.95010106999907
41.04154688677628
36.69274547684814
42.019771232865544
45.728956915899225
52.28435648579277
39.09087746040002
43.3267863218987
15.824453648078077
13.511715293884944
20.27022794317193
31.542286441199444
30.86541819696388
21.62100089530544
34.964398714061886
19.89070767325455
19.947467401301566
10.359799615720323
11.605418317966269
20.533910159427055
19.34691829095707
17.004460211842105
11.259185441393456
19.26409187530097
23.965677158784377
18.579285030717475
13.196945922655253
11.995159833401987
11.905889534714042
10.187705520590239
8.623466944425509
7.29940436453556
6.178640727723034
5.229961149673455
7.224180786439788
10.68773594440415
9.046721800217263
10.983839831516153
9.972584190457063
8.441375729117514
7.145271760986592
6.048173920542898
5.119526450045669
7.081236886020488
13.717010361699165
14.260334021173138
19.592631759713964
22.361280001405557
17.015392733597793
30.290984585591985
43.427710175117994
9.60315100846935
9.933777062121877
13.946512677365103
18.141361862633936
44.78241907012398
54.07266802010669
44.20885833101838
16.88653806421232
19.311674785479656
21.0679813913335
17.82038408919353
30.838259396958875
29.047113360514675
12.322251334197201
21.295748751445664
65.5425068129309
56.14150463453722
25.433673140323116
12.39903070303009
24.187634920841084
32.684517041107064
14.353845914565055
11.256053329618569
12.650215825717893
24.805274253901132
41.72218595438428
31.46559188468499
64.5779340649137
17.833874021876827
35.81726696231629
50.92596204730263
45.11068539506903
11.765510643014691
42.14698619257593
46.92259622857434
40.96439035345578
47.92191055247984
19.56429000862101
16.234706559321875
11.394178326019691
37.31443403298775
31.496902741486767
34.08569905458803
18.653098483373526
15.244450112470593
20.89167482080555
24.137189397454407
22.2021115748667
26.46966984681919
35.73114164560688
34.764412095346444
30.401170794529534
70.66887361713924
150.00670338612727
190.80016271536635
193.66711985794265
255.26604087648553
270.6680756752555
265.076912149057
259.9438332864186
297.7402712517702
336.31223876306046
331.45094123986786
311.33833073483714
339.23701471288615
347.22483094270575
356.0355189716035
313.52423379868367
308.1278782841914
284.21533970238653
249.8120533899723
232.5449610138252
238.4438032317459
264.06952262737525
329.26824807705117
339.96492108535836
307.49382419953866
329.05937227029096
365.81231858722714
349.7278813034895
328.7574177863004
283.4877339141411
240.1293468059372
248.70617014201673
325.67985922819315
345.4556391640427
304.32734556621034
283.4943143606122
331.4243671377711
359.5358154244396
360.12455277757624
13.915692641520632
13.09609247003779
12.882294409203233
17.00088138710895
33.482830252028414
23.239932171660836
8.489938886878097
8.052772683525262
31.333331214742092
51.14671082793264
60.60192414001143
59.37378515574228
9.567433339314784
13.514078315270282
31.590222810121865
29.26904797909828
37.96584014646131
47.967862194032726
27.06934869535886
17.188528987077518
12.69339175036113
12.755809434166547
43.4956452175592
53.64606890911932
61.550651361862535
17.791836736879908
21.07814941468041
13.062513873057522
15.222969234830686
27.200826845628068
30.70681433656622
38.83585446060935
43.79114386182334
14.661450019798085
25.052056375581937
20.894603417135237
25.135110082237908
30.724170680996867
60.59067262552483
43.646173496274336
26.34531503150833
68.4869880202701
99.90819955628156
131.9916081276822
228.12035408644846
253.20236906538014
262.5292052984748
299.8858947872778
307.3275816843959
320.40496314872826
304.4424814114849
314.29200056772225
368.67003711895063
331.86958261604923
306.53192971837916
297.95140983774627
345.74456047756246
306.9624498348356
376.49501190505595
393.3098058779733
337.2527798254028
292.5942748581889
349.2850087908781
314.6996881485196
284.5973309184337
349.86746877419307
346.95483777086446
338.70606805868414
322.1377574741652
382.93143950296997
345.49284857926784
316.5036102295859
376.3754044313461
344.4398235193081
385.5119896984651
359.58480641804675
333.1959529958265
314.3882753243827
322.3526294296861
404.8466762670586
27.610017560700754
73.67764033436016
178.7455981163384
204.2974568029513
201.68367206673545
274.25295958919963
270.5067918804829
277.5792217310866
275.62501125298616
294.9487160237632
283.7872213271848
317.38495242740237
321.1157252001426
318.68200501313584
342.91422987965205
360.0664043574637
313.1079227229735
296.6999266343754
278.96175798608755
329.4251221699568
351.9354464360918
404.85978515404446
377.1203259033428
353.4883184950951
409.88580077781756
367.3389239401312
360.0871145784884
337.8315785092857
304.51218265874144
308.70859101440925
330.6420966136707
405.15292786736495
396.91799729089007
414.8627815607239
430.4950968915357
426.66595939941567
504.2245386137392
512.9334851184439
535.1187999225588
503.60824369640596
51.91175319341669
149.34095269848774
174.39691077415458
204.46218454139697
276.2364130954659
254.09599136937527
242.7566698700343
287.78108759324647
337.7386204860179
352.61639623298777
363.4341998483728
413.42434287690537
414.1134041962372
357.49587010733876
324.6314911306672
408.28665775174824
427.4278422498656
402.23243512708484
459.93946943435526
400.68568466839076
401.094071006843
424.75038798253024
427.5740832151632
456.51914792760556
501.47215808950756
459.26040120083667
497.0748934278247
531.7272145901475
556.8940782677081
539.1659813827218
497.8151919451171
440.1290104917752
461.9155790035548
490.8690411645545
486.16196043986497
524.2488160083437
561.111398219884
527.3037958797953
523.6160644068691
574.8119470672051
33.881430170084656
81.98320727683613
178.87340096638923
227.93504339320393
262.4483166182091
291.67581981329516
286.55294002102363
326.76522080661726
322.2478620744826
329.3481694431809
338.7662549369982
347.6781352391654
380.22123669401975
382.58629613789145
332.16415367514907
295.3781586626345
358.5504933736006
320.6461336054229
292.48830643831474
293.25583599793526
296.5010082354829
385.9589846367681
436.30241508721844
464.00283571474955
462.6962342588997
442.9347961022176
417.2661432930097
466.027597026966
419.76874780417586
369.61182027598915
418.91476606887704
449.7865167811884
426.8517820961862
418.97428469355833
438.8228481282031
397.49745390677253
364.7072550568717
401.64002484973525
456.78670319277535
442.96727659972254
19.590183469797246
32.667714589368316
45.606736216561984
129.77278846415305
172.8916376531965
168.81870681773995
227.863568677441
283.4414447034494
299.53827487462274
286.5829672743924
301.7067481190071
328.8046050432754
340.3978389188178
295.3283096492391
270.4315372350363
281.752940219219
295.6849497443907
321.2709642355008
317.04319085527675
363.15098752060146
407.93537449596215
435.65629979039005
470.46774564559314
458.4363491276675
475.1819150381123
520.587939673615
511.11178591275274
471.0637854991178
503.8155434427304
488.28978597614486
490.3374541821567
478.3589081756981
528.7278581705222
477.16769471361346
417.54319222912727
434.375894671291
443.7871282779032
465.1788852160243
424.3087180862053
427.0975254074502
30.30478273725959
100.33060748845156
188.40532239443618
210.55086547365337
235.76214938624753
228.17937220977007
240.9588152056744
267.31018329359534
326.39095888191895
379.1302537019879
385.03593903628473
441.6590451338822
452.497132743555
454.71598145940175
500.15690423541594
513.7550646642007
473.3475753247275
434.2280547796543
399.58950425675346
370.85675302877684
429.0821950866957
441.27893181230746
401.4410759064775
404.2138990114338
440.08545992006566
432.55223972804157
495.9441012463984
441.1417648476137
495.04419734247415
536.1562763622798
529.3724823290739
545.7256185003945
527.9981696559704
505.8342306024362
508.60524444296476
521.1149648332981
471.46263025764966
417.61372317022915
409.6393138244008
495.40890325058996
42.35922620572335
108.50619004136082
178.68465865657936
245.17802270748604
264.1967261084717
237.28392131838407
291.85613200849986
330.0797139905724
321.2122588806024
388.0501258336633
399.8233690923319
413.66469503365096
442.8701246927598
409.72758954417907
353.92151505158483
341.80444743606654
393.53765168482204
388.18549872907136
402.35557653628837
456.00646842233596
486.9809793225732
492.36710005921276
482.6991296792901
445.5628041760983
442.71880788059696
464.1692523662537
461.7153131094644
433.7233333275158
467.9493646309169
485.0352810905669
519.2000476175642
565.8699416420483
557.5936782393362
483.55580545853064
496.4337450587817
484.84927784922814
518.7472662370021
463.2364086961339
439.8412034903663
389.4652275989626
16.07719186273638
34.48607874744487
17.613358886376385
20.57888009749356
20.92392720652895
55.935683050102874
22.449351206334903
48.720848278809484
56.52821956480446
52.60032119516138
100.18718772614395
95.83564387787972
70.77102066900585
32.11228194724112
31.1268513845354
36.869098350197234
47.94492651737382
37.41163264689728
59.698291269353874
63.858315359921846
42.03701901926625
37.0333861934761
27.754190663586435
66.35301726906448
105.52494500009621
134.20283635872624
117.18330312990587
96.27981995149165
45.595402839554325
55.9463868390288
65.12329145995923
28.98931109083162
75.22883013958264
86.52067114272516
51.60168007013668
87.25263772588934
33.65371271813329
36.21518129279232
23.924075584345072
19.99977886593989
49.18410077839509
119.66817322026895
198.30991098230479
239.10728857238664
276.20130851376786
296.7325772257108
306.3624840092
343.46304139422875
345.6452175941796
397.3110726030473
441.08766518284176
466.09023456590745
479.25175737182593
515.5981015521324
536.2000832526479
508.3738485396206
505.5286114011238
511.1252329650047
479.2081582437679
417.74399899912197
430.82364375832327
409.61427979372394
410.87230052565667
431.5790825308181
432.0123788321672
478.41241289696615
493.3281813953383
505.3755227454953
471.72373271272096
415.9467583855018
371.6541330669732
482.9656298678733
473.47476943664145
438.9613070607924
456.63451962881305
478.2787103408738
515.3609492920654
526.88494149989
460.35333882736563
493.2658569386406
31.875464615654302
58.54735023288712
62.51163846832022
110.90186443252108
122.10799704354466
236.63368503968906
296.6125485557097
310.921313231245
323.9838410969912
362.5538977073821
401.75100859798516
398.1941446278108
447.1522403404947
461.3206304754865
446.4602588440878
479.31993398741866
448.53855310582736
415.08090011388566
474.15317749471535
447.69453884684737
484.2704160658035
524.0523922660275
509.9976673071467
534.7259929439268
530.7174269622299
561.9093164935922
535.1880826223337
546.734456160959
569.5099837507479
583.9215746544293
596.4883165470394
565.927707620566
494.0040097333435
543.0401195939759
547.8747704637302
522.7944311382857
483.9534044140866
483.21113885684497
497.7630331383574
546.052764572361
30.327610541768934
116.50207403781963
172.26498374076527
220.57484948624762
295.6759683404509
340.05769586482666
365.93227266216115
383.7149847318005
395.31729488995984
410.02528333405536
407.7907042222036
439.4961344331107
482.5298641931296
494.8722273949854
530.7741978805121
520.3988498134322
515.5071166841726
543.6456735043628
546.9841927588182
477.61026539705813
477.18387548635576
453.33887529646245
458.46952806097187
497.84124951743917
536.2574005483713
483.8917590278323
473.79154106301314
501.26488663651924
501.5719252047013
531.1319592354406
552.6188376432948
520.831904591073
567.5053980532656
517.2528276728751
542.2157140313475
560.2731542170259
538.2367558748323
534.8461697265681
501.9563156385598
435.2185132405815
35.316626293703315
129.33557230439337
149.28150665771415
195.72782727478335
212.94690668717487
219.44645557770295
189.63507544957707
250.4562483838912
300.5728598568919
306.288035264096
385.43936610688706
439.90199272723527
535.3076451717801
558.9483103735963
564.3319620363588
542.6423317104794
588.721179086667
579.5775183796284
590.3189235823518
581.436500779647
522.2176426465029
547.4320251692876
531.8874258549672
554.6893335161651
596.513397794978
579.3933457449689
580.9729546870624
546.8495823004812
584.0910952352826
574.18855024612
604.7780137142826
630.0148071314431
583.6095186407489
606.0564445551162
571.2335991880556
597.4511596906415
579.3641276692013
563.2248014123694
552.2628065069636
551.8627189425356
35.17318699638359
46.0995439822345
42.109051363514254
43.89820414318203
40.98334107943967
110.23480598275876
174.27702168995623
185.41779621976247
252.78506451942292
328.43116897630875
357.03228875080526
369.66122020878356
337.247542332965
350.7740397796822
392.85223743291243
451.89634967656735
467.5557131827877
495.7686388711021
511.31118794245646
513.86721809541
521.7275094934084
524.3616113937784
548.7815252388081
573.8492169386947
554.1437126785074
563.5237952347006
515.5414022389537
555.7082495681258
532.684943555258
526.7162611072021
501.76988715746137
529.1651743562094
519.537434068985
503.55100396982874
506.28988266045485
541.5604381795745
555.810681139421
570.323092207487
573.0329325619232
594.0472363526249
16.121114848225712
40.77203405039522
20.28888881376689
29.034446728630787
20.679139348529354
24.31172324968089
31.02096502936198
51.56430720287706
41.59829384288587
50.40592224231385
33.05587893800115
63.87253120440211
28.774990479360326
55.01961322126213
98.39611296649704
27.32745734997654
53.69025200878575
85.09101736730939
25.617508343330897
74.47292621505059
98.21471341407171
23.44428746848614
69.0406900866429
85.70789323589389
41.33509289992117
34.13130536691146
59.24137238552897
43.36084703402896
24.417662795688695
41.32512759990817
99.44309316544975
55.48267878845491
49.34541179196218
42.944652999262864
54.51204721870096
62.318556632454694
34.22553479016495
64.35448956193888
45.60555000297662
66.84058856013571
35.937607330124095
55.969693228621445
57.15036439490231
72.2959315914077
191.010853015634
256.7779649134324
292.99721564586537
318.72933486356595
372.9010109432148
380.5655785511074
418.662239632779
409.6708118571773
440.33239042116116
448.6974830963064
465.74143453746603
498.7391231675534
573.2760485374068
550.4868858239731
521.2806492501177
522.5981778181018
555.7022988872264
578.9580646090903
559.4525511658087
554.7233985697748
530.683401412164
522.5176091124873
482.5201057609999
502.1651095572566
568.4581970053563
594.4829109300844
598.6215311641344
540.9691205788113
535.8716497766577
555.8326257644785
578.9124957871828
604.5656420199683
584.3688627774671
568.1467249517544
553.1736274057172
557.4042618831771
32.3853804649632
111.81176145031719
180.32583909048208
193.57005685620777
259.07166862526395
285.1136269103709
314.50294422985195
332.3604253786619
328.5368835082685
352.29462540050156
374.8109599986263
393.84366322057514
367.97135161611067
386.40549934645884
454.61163478457894
488.68367356587055
513.3188012162022
546.606959033112
571.6592580921755
577.2609271730825
560.9600913285826
546.7709843541675
552.7799791975008
581.0475653525042
608.8028122712861
604.9885578183174
589.8764396125575
590.0092487679186
597.9026208891148
602.0973814315511
545.9647097224563
593.1632765349085
614.3970109805671
629.3632997493962
577.9394727159438
574.8204448298243
569.1545519080022
592.1200792774711
570.7469856903472
581.4071423475077
28.07767437808637
50.173543227097674
59.85398155841901
57.1845458920136
58.2080235932764
52.123555305081815
54.597230797644805
163.17395957707467
213.20921970804682
281.81263279179973
386.36927028500986
434.91414073704124
461.1606483257641
487.5809985489418
505.54186237743266
506.61283520955686
505.9668197108491
502.42594419733797
553.7560205996948
542.3817960562967
575.3061886421829
516.7884183129878
502.0348591878168
508.1079512097424
591.7749234647376
557.8325692258456
592.3994586126323
558.3596171512282
580.1702663482847
578.9378034255928
500.45193799212024
479.6951022918612
552.1000752030387
590.828038395758
559.8685526790358
538.4679572855446
503.1917147220641
497.03716679021596
557.4018187696936
519.1342797595516
30.500370241896146
41.52431149649477
39.52348258249171
44.49560773470195
130.43347952818445
166.43731925768807
214.74897037523328
246.45311064114622
302.97367376502706
332.1857853575622
370.12075558176093
407.70753742964075
456.46708926810845
473.1659955819753
509.63433042985463
507.0191661097492
536.1206840486593
583.2165901077076
586.7296180449302
564.6021307475845
518.0381207212304
540.3397549443586
579.3821064719224
605.8554958734335
617.3324119151323
615.1834489683738
608.857838606084
612.0556099757565
587.0101770842967
586.1520250347294
607.637712011463
566.3187267835694
597.5776504022543
605.2039715388275
607.5818592997138
613.0508327420604
570.5797802269922
579.9617287243161
556.1510380651064
581.8171837126765
