2.7886202
2.5658934
2.4213266
2.3927305
2.3093421
2.262496
2.2400856
2.2392433
2.2392433
2.2392433
2.2392433
2.2392433
2.2392433
2.2392433
2.2392433
2.2392433
2.2392433
2.2392433
2.2392433
2.2392433
2.2392433
2.2392433
2.2392433
2.2392433
2.2392433
2.2392433
2.2392433
2.2392433
2.2392433
2.2392433
2.2392433
2.2392433
2.2392433
2.2392433
2.2392433
2.2392433
2.2392433
2.2392433
2.2392433
2.2392433
2.7273192
3.1217778
3.0459065
3.0733593
3.0470426
2.983996
2.9488692
2.90452
2.7915552
2.6352155
2.7189016
2.7189016
2.7189016
2.7189016
2.7189016
2.7189016
2.7189016
2.7189016
2.7189016
2.7189016
2.7189016
2.7189016
2.7189016
2.7189016
2.7189016
2.7189016
2.7189016
2.7189016
2.7189016
2.7189016
2.7189016
2.7189016
2.7189016
2.7189016
2.7189016
2.7189016
2.7189016
2.7189016
2.7189016
2.7189016
2.7312105
2.9001706
2.8351612
2.7328224
2.634571
2.59286
2.5337384
2.5017438
2.511319
2.511319
2.511319
2.511319
2.511319
2.511319
2.511319
2.511319
2.511319
2.511319
2.511319
2.511319
2.511319
2.511319
2.511319
2.511319
2.511319
2.511319
2.511319
2.511319
2.511319
2.511319
2.511319
2.511319
2.511319
2.511319
2.511319
2.511319
2.511319
2.511319
2.511319
2.511319
2.511319
2.6794755
2.7379577
2.6902997
2.64543
2.625095
2.5632298
2.5090816
2.5090816
2.5090816
2.5090816
2.5090816
2.5090816
2.5090816
2.5090816
2.5090816
2.5090816
2.5090816
2.5090816
2.5090816
2.5090816
2.5090816
2.5090816
2.5090816
2.5090816
2.5090816
2.5090816
2.5090816
2.5090816
2.5090816
2.5090816
2.5090816
2.5090816
2.5090816
2.5090816
2.5090816
2.5090816
2.5090816
2.5090816
2.5090816
2.5090816
2.6114287
2.9078708
2.8351543
2.784534
2.695001
2.5778146
2.6001666
2.635876
2.5113258
2.4382021
2.4382021
2.4382021
2.4382021
2.4382021
2.4382021
2.4382021
2.4382021
2.4382021
2.4382021
2.4382021
2.4382021
2.4382021
2.4382021
2.4382021
2.4382021
2.4382021
2.4382021
2.4382021
2.4382021
2.4382021
2.4382021
2.4382021
2.4382021
2.4382021
2.4382021
2.4382021
2.4382021
2.4382021
2.4382021
2.4382021
2.4382021
2.8721452
2.928902
2.8557966
2.7760308
2.6897845
2.58397
2.493248
2.493248
2.493248
2.493248
2.493248
2.493248
2.493248
2.493248
2.493248
2.493248
2.493248
2.493248
2.493248
2.493248
2.493248
2.493248
2.493248
2.493248
2.493248
2.493248
2.493248
2.493248
2.493248
2.493248
2.6467211
2.824129
2.8829193
2.845535
2.7713842
2.7089136
2.6964235
2.6915786
2.6915786
2.6915786
2.6915786
2.6915786
2.6915786
2.6915786
2.6915786
2.6915786
2.6915786
2.6915786
2.6915786
2.6915786
2.6915786
2.6915786
2.6915786
2.6915786
2.6915786
2.6915786
2.6915786
2.6915786
2.6915786
2.6915786
2.740288
3.2356055
3.0714853
3.0013232
2.889618
2.8266008
2.6014442
2.378615
2.33737
2.3373475
2.3373475
2.3373475
2.3373475
2.3373475
2.3373475
2.3373475
2.3373475
2.3373475
2.3373475
2.3373475
2.3373475
2.3373475
2.3373475
2.3373475
2.3373475
2.3373475
2.3373475
2.3373475
2.3373475
2.3373475
2.3373475
3.0238526
3.1155968
3.002868
2.929816
2.9110909
2.9100711
2.8801014
2.790938
2.7157865
2.7157865
2.7157865
2.7157865
2.7157865
2.7157865
2.7157865
2.7157865
2.7157865
2.7157865
2.7157865
2.7157865
2.7157865
2.7157865
2.7157865
2.7157865
2.7157865
2.7157865
2.7157865
2.7157865
2.7157865
2.7157865
2.8731015
3.0024
2.9410367
2.9108267
2.845203
2.763194
2.5571978
2.5520263
2.5520263
2.5520263
2.5520263
2.5520263
2.5520263
2.5520263
2.5520263
2.5520263
2.5520263
2.5520263
2.5520263
2.5520263
2.5520263
2.5520263
2.5520263
2.5520263
2.5520263
2.5520263
2.5520263
2.5520263
2.5520263
2.5520263
2.6298485
3.1819308
12.069248
2.7187138
10.246499
2.9623022
35.787968
3.2974281
50.423523
59.134544
3.4624946
22.728395
22.304602
77.85489
53.755154
2.8491163
2.7218394
2.657397
97.10359
2.9492998
47.44495
100.42606
3.0422716
3.0220866
3.0738013
3.0154564
4.74576
81.12889
3.3297498
3.275553
93.613815
26.577526
11.260399
22.48696
74.6531
34.452473
22.689037
87.623695
59.012764
2.8256052
86.433105
151.06157
39.20325
94.65209
78.49264
3.3395748
95.54669
95.16239
2.8894627
2.9284067
3.0354207
8.080959
3.259706
3.1451073
22.452036
3.1565816
3.1666164
3.1279778
97.88343
85.007034
91.0559
27.91964
3.03536
2.761243
9.097773
3.0710306
2.9570248
17.329542
18.631462
49.45203
3.024023
3.1296601
66.192696
92.94194
66.90198
2.9005194
3.0012987
2.9525454
2.9010844
7.018974
33.695663
3.4060757
15.577803
4.5129833
36.398216
30.337465
3.08072
3.0230124
2.849428
3.9088542
2.7760675
2.9397912
23.90045
78.47712
30.13869
2.8162234
2.6124377
2.5740507
31.877058
106.0097
54.214035
32.406517
3.0670576
2.982646
106.55381
11.545745
126.05405
25.341
3.096549
2.9820743
81.34692
18.167665
90.731476
82.535576
6.6018634
18.164595
20.728025
101.72062
41.523052
2.8953092
2.965867
17.903341
12.243572
3.1481113
3.393202
8.657535
16.015842
3.1331103
31.559536
18.529877
49.21582
26.438986
2.79995
25.512579
58.55491
11.173097
2.8741663
2.6817515
61.196095
20.693737
8.930345
41.56327
59.62974
89.87077
8.553963
2.9618223
5.5837674
33.138683
3.319204
62.65066
92.34627
74.42133
28.282644
96.31844
34.577145
2.975504
62.802685
67.005844
70.16863
18.5943
64.46684
3.034762
30.313084
88.87846
86.84797
5.6822443
2.8922467
2.7793612
6.0428767
51.34814
65.39736
85.84217
59.07175
2.75464
28.295132
3.036931
3.0802083
2.9957469
86.944176
54.134686
37.73941
49.785378
57.199184
3.0453317
23.888607
3.0176601
8.510878
2.916211
30.921144
3.0127983
2.8990786
2.9199948
53.5764
2.9373882
45.104546
54.242046
3.0828116
2.7571003
20.546154
46.03116
22.576296
3.0352278
19.76944
112.96605
7.5509005
129.47745
3.2136538
124.792244
58.764492
9.771479
49.394455
2.881607
33.412678
90.43173
82.447685
42.782436
14.975522
3.036898
2.7208066
2.736983
2.7297943
22.585926
72.60786
17.119486
3.1026304
58.426464
35.510296
2.6782808
16.823465
77.996254
43.32318
72.46284
32.340836
2.882199
42.067677
59.406536
119.91989
2.9260783
36.66091
46.237923
34.376087
2.9461403
60.394146
2.8928297
23.48525
10.502825
2.9456866
4.9993715
3.0701878
12.398511
3.0271332
2.9303114
3.0103264
3.0948582
32.339508
49.29221
3.0532186
15.723218
71.50078
2.718656
2.856533
19.563835
3.1272454
3.1181495
41.73779
16.727339
4.0543904
54.98342
97.590614
2.6895366
2.7039375
10.442276
2.7888346
2.8246326
63.902306
26.806244
53.48147
3.1205583
3.0909815
50.530853
14.345068
3.1707978
52.474247
18.093098
82.78415
53.012173
61.72299
3.0387487
33.65393
3.0532322
68.14022
2.98388
53.604927
83.18361
23.43937
2.922228
62.363743
3.3804786
52.820656
122.94385
44.17349
2.951279
34.575775
43.981827
101.72347
38.279
3.0038724
47.59171
nan
nan
nan
nan
nan
nan
nan
11.913505
nan
14.1841755
nan
nan
9.741545
nan
15.704379
nan
nan
32.749348
nan
nan
nan
nan
nan
nan
nan
26.392365
nan
113.45312
26.330343
nan
21.593868
18.120378
171.40236
68.85738
107.18877
97.60608
nan
104.10007
77.36366
nan
42.5795
54.366653
nan
nan
nan
98.20714
124.92829
nan
59.92195
58.720345
nan
83.57231
65.433556
70.51113
70.85137
114.23289
73.957954
64.18691
nan
118.31067
77.283676
nan
84.15078
nan
65.06366
70.58687
nan
128.84402
99.361725
106.34071
98.171875
86.3627
100.06609
124.74469
112.37034
107.06036
116.824036
74.93461
166.25394
116.60434
67.916405
108.85737
90.882996
98.66518
121.86585
96.87451
143.9126
130.78064
112.77254
105.24632
94.73044
89.59106
87.25464
90.969894
110.25698
114.87398
104.9352
91.63286
107.661476
119.19066
113.31193
107.109985
121.7108
221.6935
204.2924
316.5233
141.16222
166.5649
125.22651
128.36919
153.68132
240.72603
147.09795
169.94933
150.6049
144.62479
120.237015
127.37266
106.27903
110.515305
141.69923
103.61989
123.529274
120.164696
105.655
110.49048
141.69438
107.13113
116.1839
134.65678
116.23248
112.66909
122.0045
120.82719
140.27414
119.36774
130.25206
142.30278
189.04874
152.11572
123.57996
136.60687
156.83885
132.7732
173.68024
139.22769
167.13371
141.7536
143.87419
320.25922
119.62887
124.57109
145.57922
149.52225
139.52586
162.75531
148.34758
223.8969
139.90167
127.79345
143.80022
108.424934
245.41583
147.99136
143.64386
119.176865
201.9051
198.11763
167.17555
134.43092
131.37723
206.74846
118.667755
129.48352
133.64938
116.27772
278.33853
197.00093
206.44331
138.52443
151.24489
292.70837
235.13849
116.16835
251.8536
234.59749
254.51263
327.38763
175.44307
146.28308
135.08456
172.9021
144.65892
155.25285
158.21306
154.08347
184.94601
134.49323
152.62337
214.4934
216.1346
223.32487
161.46599
144.68396
188.52127
164.70557
227.11115
169.44406
182.24358
150.84122
225.593
345.62253
193.43549
107.09573
224.29878
146.1825
237.14003
184.94899
439.24396
341.27118
129.1867
197.54942
198.06616
334.27377
226.54034
232.76431
263.45224
147.80484
229.95381
126.91217
265.0442
192.38539
209.6113
144.64897
278.65036
157.13051
247.62169
401.58728
320.29172
321.4706
246.28636
122.8131
133.61578
169.19225
160.97011
153.86076
166.23004
168.74298
196.55553
143.51672
173.4158
257.3893
320.82413
393.55667
284.50946
176.37894
151.17891
166.81767
203.72539
319.74994
309.02362
182.14331
156.47166
162.13028
152.25357
230.34984
342.41226
362.46484
192.12845
190.75006
171.63988
179.914
254.9177
211.61343
257.63153
283.5391
176.33194
214.4628
172.80817
182.2538
220.34589
210.26013
258.0112
170.62447
148.11203
173.82242
271.98203
156.02077
173.12619
271.31586
267.95657
146.74382
280.1159
445.76038
361.39496
258.0167
187.94467
157.1173
441.1865
262.11517
195.03769
366.1686
162.14293
177.6429
324.84082
310.7161
188.8852
169.40927
245.61452
208.18568
257.94275
187.2353
225.20679
192.28181
233.98994
199.88887
191.63727
352.75522
258.38742
237.09
128.84016
165.58022
304.3666
314.89105
184.22334
174.13054
212.94624
224.1378
190.8289
171.51237
303.54895
147.99695
142.7627
257.14355
236.45851
151.49896
257.77148
332.05396
186.1511
254.35886
294.3171
169.5874
300.97815
297.92874
170.08014
288.46655
187.71301
261.48923
227.20383
171.70528
185.7843
203.7595
199.56467
188.72083
152.51505
169.8948
185.70245
360.5274
189.19037
330.569
322.88162
287.1812
270.93936
263.7579
152.99857
136.757
156.89636
174.95192
185.85635
174.89407
232.48479
174.22559
330.5524
225.63004
403.99664
345.5761
351.75153
189.16505
170.09807
154.75612
329.48715
380.3861
277.55557
168.44807
337.53632
311.12866
196.72797
340.42014
427.20218
166.1758
372.3374
160.5976
220.90477
304.95892
249.9607
337.86392
455.24655
268.21466
189.679
364.23303
382.42416
215.09834
415.1483
324.05313
206.97217
155.38103
171.97327
190.13185
207.99309
168.99608
267.8013
214.23698
228.98578
467.4435
204.29686
253.217
238.49704
189.93054
233.0755
220.61964
160.66368
251.21686
180.95338
224.14815
166.90822
229.82903
249.11295
410.39938
207.17871
237.66379
234.08984
281.75708
414.0898
209.0352
197.09163
256.4172
404.38916
254.4823
263.06668
343.19238
240.06525
246.87572
376.28268
200.12518
237.88466
217.17343
225.68
250.27008
242.83339
212.9275
224.41191
240.27788
276.65848
243.63663
204.64534
253.42902
207.29599
286.37357
191.71841
225.15594
227.67201
313.0235
361.80423
256.81204
271.85434
210.45714
227.26334
539.45135
376.69092
225.44322
466.6802
463.8768
289.35086
476.74973
315.5261
374.7594
296.62943
472.58453
185.16982
199.34634
346.81677
219.59973
392.29703
433.689
511.5693
378.33838
285.57892
217.96661
193.7937
298.07687
237.84972
207.19464
207.47249
239.69444
299.99774
317.04578
223.56764
376.7787
229.07805
239.73753
222.67087
340.52332
488.551
374.85898
304.81674
247.38394
233.39227
318.77188
503.09128
203.68582
538.8802
212.16216
446.4804
344.119
281.1908
233.13219
286.93652
323.99728
415.59183
246.65068
399.0971
405.32166
488.91568
246.9101
252.36052
580.4011
212.98425
193.59648
213.21896
228.87039
239.3357
243.93915
235.1581
268.29092
311.54565
324.9631
294.73932
328.75998
350.03522
230.78345
199.62968
274.47095
381.82178
390.79965
333.6594
498.36768
313.73938
449.13123
477.42572
236.44563
233.52324
333.21118
327.18536
307.3345
291.63724
483.75964
325.2049
233.74066
259.2785
207.93628
210.67053
269.42676
536.67706
543.6122
507.9679
462.04263
401.6143
369.8605
342.82318
322.90125
302.2863
275.03387
180.26732
220.40512
209.92628
237.11653
330.4779
254.45224
298.37454
229.91829
249.80592
273.65106
331.16162
360.57697
358.88028
274.61014
375.11203
359.56097
279.41446
316.1869
339.3954
259.89374
402.85986
358.85422
320.2747
469.30203
285.9499
379.669
260.02536
289.1146
257.6513
169.644
287.40512
174.7036
202.36215
222.52176
188.45514
133.76869
144.038
240.88283
146.34862
255.14412
149.26936
239.0727
204.93344
147.92459
321.2162
140.0143
188.60797
97.42042
109.18215
252.96957
184.52148
357.54196
237.85184
200.51738
254.16803
200.49902
120.56506
108.76148
264.84717
138.43147
125.42514
572.57367
166.09653
237.96504
125.602905
407.34625
267.66824
191.13898
211.43263
235.74596
256.95166
265.98056
355.13428
283.08832
309.94122
341.84045
327.0196
436.66714
307.40118
492.82544
218.83723
235.75
492.07782
225.59746
309.30637
482.07013
360.9427
263.18375
504.91962
514.9063
249.65619
321.67004
423.98416
304.6321
522.56805
489.0476
358.6641
340.466
248.25829
427.67587
407.98767
209.00601
224.44905
300.01718
423.66223
242.48326
488.6472
270.9839
247.08636
255.81999
251.97534
385.45117
328.56448
250.30734
298.9583
385.23944
406.9428
378.45407
235.80879
326.3833
478.14783
335.37045
502.0837
237.41606
267.80408
265.2672
260.02783
251.4484
243.64679
250.60219
278.24536
386.60904
363.7604
307.381
389.825
345.24582
358.36526
297.35715
383.60568
511.59714
484.21033
307.90717
228.79411
464.99915
459.90225
403.6919
410.49576
299.34048
261.66492
220.09302
482.08817
164.18806
224.46858
288.86633
252.59798
255.40137
159.56326
115.5233
486.54196
147.327
270.5968
97.58404
113.00498
551.8549
149.38521
149.633
154.67583
537.1588
237.60347
148.14842
161.14983
285.44574
227.8641
189.88475
237.94301
195.7587
490.69882
251.28465
116.60899
215.1511
144.20007
117.49757
395.13773
111.05875
172.82637
141.10016
132.97433
217.26146
224.4427
248.42697
216.51569
186.59096
174.33006
174.38896
182.22137
186.25543
179.89642
177.34642
179.7267
184.48077
219.72963
189.06606
200.2391
176.16902
210.61122
176.9282
182.45596
186.69244
178.98015
184.92773
193.64966
226.79475
202.616
175.52396
166.64047
168.63089
170.30133
178.7953
198.77498
232.67198
222.20476
218.14037
224.8123
247.66847
221.74486
176.53224
178.0246
179.20157
205.04689
184.34715
183.04745
190.46512
195.91278
200.24529
209.10568
223.47641
232.66792
179.68294
176.80962
193.55467
197.93874
194.74815
203.89119
194.83351
173.95157
198.79549
170.30733
181.87936
184.41644
256.09207
207.84099
204.03473
193.42834
176.69743
182.57875
216.71341
193.19527
182.35516
171.18083
177.68747
190.94191
181.30278
178.14809
175.3174
183.51465
195.07457
214.54512
226.85587
182.90529
174.85556
178.38716
190.33383
212.59349
185.20717
189.82756
204.75555
169.9884
200.05106
187.19943
230.87694
236.50693
194.53851
179.63113
189.62149
221.9738
212.84767
184.19615
163.95947
187.25043
163.33464
167.47699
170.40643
176.22556
208.03084
197.4043
167.92758
159.96892
181.51054
191.33604
184.16873
168.32314
183.0292
223.62648
179.96242
178.58302
181.28612
204.85161
201.91798
172.40512
193.27411
220.25215
243.66536
230.02492
211.12027
170.14209
171.03612
172.63422
179.4477
186.46838
194.3361
217.35797
208.52957
189.46584
180.23045
184.45201
187.32762
187.7828
193.02664
230.76872
194.43797
186.61761
198.60016
200.33464
193.76588
174.6961
179.57277
182.05846
185.20998
208.26361
182.71452
193.35901
224.708
292.73065
374.68973
409.88083
331.74875
524.2724
598.48956
597.27893
558.321
372.2639
694.176
438.53436
396.32947
817.53406
328.2652
597.52203
429.22656
705.8853
685.7923
730.95624
542.0165
450.26715
761.73517
512.15674
605.3112
445.02957
383.2135
456.28708
489.41132
490.99084
580.5487
219.99706
556.7091
429.13217
485.66025
542.6156
539.68445
571.24176
450.89105
653.0561
604.4658
345.78284
618.80225
555.94836
641.7336
506.69016
571.96985
420.6761
494.59787
629.05005
377.3848
633.29645
517.63965
607.7555
621.37366
518.54175
561.024
610.02313
599.6784
723.5274
266.1166
258.18018
273.97516
341.7655
365.23117
378.83633
373.74066
455.3111
328.3697
504.0081
665.7383
515.2822
591.0954
743.20667
521.6031
718.0602
634.2629
714.2529
737.16626
491.7971
562.69666
598.92053
654.2661
458.20242
460.60126
728.40845
603.97046
374.09146
554.85913
548.6594
642.5746
623.15186
416.69952
545.62085
570.1374
591.5576
732.3661
560.9871
642.9167
387.04187
650.3004
570.89655
501.8721
534.4089
482.57504
471.5512
515.2559
483.78412
526.1701
619.6622
570.2813
726.48663
602.111
782.44775
325.29776
625.37537
755.618
644.6055
495.7019
414.34927
702.55786
327.58633
230.30997
297.78302
282.13428
355.29623
467.30664
419.3
614.02527
482.33038
496.18594
590.5984
521.69745
410.2743
615.0177
760.3399
342.4241
725.0164
468.84683
720.21313
636.14417
416.27057
364.47156
575.5211
800.7806
449.1144
490.29926
709.97894
330.85394
558.1709
531.60486
763.1439
622.60156
754.10706
527.4185
634.7323
823.81244
664.32367
578.57654
682.78656
430.26318
558.6077
659.07715
443.3638
829.7609
665.4992
454.5033
608.9894
599.6433
901.2373
486.547
682.6464
631.2286
479.75217
755.9437
511.1454
807.89386
431.7129
719.7224
645.73584
511.6461
560.9082
379.11835
203.88028
248.32014
257.13638
404.68723
298.8907
482.55
334.96033
676.8646
527.6275
439.52762
433.88885
603.5582
547.5729
569.08276
380.4497
665.425
481.3009
563.12
657.8535
491.0379
573.0303
480.3159
603.7249
686.5589
590.7528
610.59247
353.8782
692.7919
239.05089
808.4732
630.56415
562.9422
729.8375
558.8512
498.46234
486.2303
590.01135
515.68304
498.3123
535.67523
504.24042
548.18805
452.89792
570.7037
507.90707
576.81354
418.64645
521.19684
669.01416
712.75665
704.01215
634.40894
595.2463
490.29666
663.0711
464.4484
556.8835
334.04684
518.98267
562.81647
543.11206
261.5731
274.08264
232.1077
379.85812
447.03156
511.5262
436.66675
404.1928
394.43835
526.28186
431.35486
504.67657
704.6189
539.17487
643.13904
497.60797
437.19437
449.99545
312.3189
438.5219
496.18033
467.7508
318.34854
359.9787
355.07666
582.0163
416.28043
566.15356
545.9974
462.60312
475.2288
593.5842
406.50165
601.97424
514.8531
523.8849
467.26266
676.59906
512.2225
536.26636
544.9035
592.0372
491.85907
569.0277
632.6721
481.02405
476.21692
643.182
415.23993
621.25214
453.5759
409.27313
655.3987
450.06268
623.9837
490.23645
482.57578
354.63644
445.78827
477.12244
462.34583
373.0106
329.17618
236.83527
241.32
374.38058
528.97284
580.0178
496.73956
366.4617
243.02763
227.11438
270.02893
255.301
206.9759
220.24304
192.36127
349.59494
190.41884
191.22768
485.4914
210.45488
571.3801
761.0286
339.92447
253.86028
240.00983
315.78424
313.87125
298.57742
432.1141
303.18454
330.00146
351.09918
201.29872
243.99593
313.71347
782.9415
813.73334
631.89136
336.6739
383.07584
394.64142
295.3094
491.75336
619.63873
230.8622
598.25415
215.65073
228.65904
231.19003
177.0135
197.31985
217.46793
239.75412
221.61522
276.2574
250.09465
252.28868
262.67096
243.49391
359.00433
371.94943
294.51266
376.54398
372.34348
370.13287
335.8863
392.12766
415.14426
325.00842
239.67075
260.98087
494.76706
253.7746
213.9816
415.1428
328.50848
214.38318
276.55304
453.39206
264.27386
330.11517
417.83563
330.9234
294.17853
293.40268
342.89435
273.03992
475.50122
247.52351
368.213
448.8841
254.47849
378.87378
315.7912
211.92664
234.1832
230.56323
260.7313
332.42706
327.98148
371.30634
247.92152
343.9931
408.12128
367.63538
502.62848
220.11247
277.35526
335.0268
330.5916
373.27615
434.17014
220.33586
242.27219
333.87112
392.33887
354.82028
396.597
329.1787
355.79248
229.67062
443.6845
261.31836
315.30234
400.05704
239.3562
344.86334
325.28833
411.19098
381.9723
297.21072
335.98148
205.25082
199.59103
242.30573
256.89584
245.65015
275.63995
268.54822
304.67255
437.46344
310.16183
370.62503
327.7394
225.18517
461.68933
312.28452
582.9834
250.9015
299.22043
230.00989
435.7235
343.29013
358.08704
397.51675
475.4663
392.27332
304.11688
274.5941
505.48178
367.81866
510.6277
418.6295
467.8289
291.96768
390.9791
377.46375
366.70004
458.92038
451.41702
256.84225
354.18234
255.63249
227.81589
246.87563
215.00238
229.9576
226.38196
236.37573
243.90009
260.8283
306.93604
303.1185
244.59558
446.42334
469.9102
391.93243
338.09692
295.57272
305.8592
478.08157
495.08038
244.33643
397.8172
287.66074
376.24298
273.30356
394.16412
393.46222
281.7621
332.70276
395.1166
328.34503
488.6988
336.5858
581.4403
278.40817
509.55182
431.9547
246.43681
247.63507
408.8162
328.3562
297.05035
266.4119
280.2554
253.30641
243.07785
207.38914
233.49977
252.79073
295.0403
240.05821
308.1046
264.58133
346.42035
294.03882
337.34927
398.78503
541.27216
340.01636
333.04337
329.67963
264.4188
400.58432
464.23755
411.13205
393.01474
298.82684
355.29367
380.87524
549.90094
403.5305
385.90405
432.3449
427.16064
285.6152
331.3311
217.66664
464.89664
503.31982
240.4434
412.22345
408.90225
233.80115
350.6529
204.33636
234.35057
285.41937
227.2733
179.55074
321.53165
285.2164
281.98004
151.96506
312.32785
234.71953
205.21101
739.74506
432.76343
249.25537
604.1614
280.4631
173.08879
598.3364
174.01428
303.9101
523.5202
503.68262
190.92188
246.9759
346.90314
202.49837
166.6157
127.40197
308.58075
344.58005
317.49274
252.20155
303.30542
253.15842
325.29218
438.55194
260.09363
318.85312
292.20624
306.84058
253.63098
217.11267
224.09029
230.48642
240.9736
250.32933
253.08067
256.6736
224.33778
295.5305
361.81427
321.50375
350.92142
429.78943
508.36823
297.0253
424.80658
542.1954
458.41647
439.10904
362.7351
475.2739
337.08655
259.03497
311.92075
266.04596
317.1145
480.77002
529.62244
444.3336
355.9942
220.61739
459.78745
308.85382
290.49054
292.26035
428.79825
333.35126
182.61897
182.93954
186.7762
225.25642
258.4765
223.82826
262.04242
239.48979
232.69054
359.00357
306.452
259.83606
303.06793
305.38434
288.83798
209.5724
309.1729
315.3866
303.54617
359.89963
502.1516
352.478
410.5735
260.53378
461.393
384.74747
508.75488
323.40448
313.0505
377.55762
388.49255
371.1253
419.44302
344.5798
234.08487
231.03445
264.89703
539.0708
443.75302
248.15965
333.9634
230.21162
266.07065
302.3339
272.34723
319.87704
301.69867
236.07312
192.62323
269.9442
235.20001
283.02344
301.7491
391.62054
349.2879
296.95258
296.3787
292.59927
396.2705
349.4563
365.30453
261.71933
356.41995
241.09628
318.82202
245.13347
339.82336
484.6526
422.6556
432.50784
266.97552
218.12904
295.39478
321.84018
407.1956
410.95813
239.6249
330.1393
275.19315
316.7472
285.48587
330.9651
223.04457
202.828
206.23224
217.0914
154.82161
204.08812
227.84917
235.99078
241.55675
224.83864
227.95871
214.30435
291.5425
350.5948
318.03735
351.1505
238.69513
342.98795
338.5665
247.25224
226.86401
291.46506
346.20465
344.06848
251.03795
290.52637
455.3103
444.6696
417.917
425.88208
318.5267
374.97354
310.61136
432.32928
418.57858
273.14053
361.69473
335.5186
307.2449
224.81609
213.02211
