0.610031592782482
-0.29824121204284026
0.23805165740300105
0.9281446183730001
-0.13190824301771142
-0.2102633870327006
-0.3456252372620171
0.27678286717108963
0.2487579211377509
-0.18972408342715608
-0.8072208760201858
-0.5949642175852474
-0.5475390990067436
0.6970984036240623
-0.1662499105912355
0.9436643494175104
1.3311219271669432
0.642205837790526
0.5034196674856026
-0.11926446384127302
-0.9416438238250375
1.0205812380240646
-0.28333388333681525
1.8476472299823419
3.2115411909125364
1.0100177295476866
-0.31875164229595987
-0.4962906081356244
0.6586843148468136
-0.8051327956446287
1.2388104202958459
-1.1152263634814386
4.713246404136314
-1.3637313171472547
0.5055199954216921
-1.1106159237316988
-0.8115620926858995
2.63116264503723
-0.8645155430209874
-0.17291194414474217
1.4231543668039401
1.9540305556645317
-0.481819750847698
-0.15056303932838158
-0.02557741386797335
-0.8572721980859508
-0.3818660471233403
-0.6117841146552796
-0.28123020767071955
1.7229694340624364
0.6704584237116367
0.6090065934680691
0.3345869605360087
-0.1547585497738455
0.31637635776981826
5.22456331560393
-0.4161171755787653
-0.18797104395573352
1.2756578388825872
1.7956580060879963
1.3752678838320591
-1.7931313400066362
-0.7735825613377556
0.0013053463198973532
-0.6633472673338056
0.23931315864854788
0.41344633543524656
-1.2722539576953544
0.013718695186258173
0.9235007396241371
1.3721403946735258
0.5629178906596112
0.4553607514350462
-0.4543432622735798
-1.3917979500386009
-1.6910120854841895
0.7068982040804719
1.4018867604602934
0.5022559800758155
0.31915702288592956
1.9078241973399341
1.1995676508626063
1.6307638062110372
1.2199476164072
1.335073558864168
2.4645973954829214
0.7266569358337044
0.014085576403841685
-1.028555381779703
-1.3494176480990492
-1.1045794288007593
-0.8483580781228548
-0.10689900100106968
0.8527381023767883
-0.8797163782589725
-0.8446348635648967
0.3470072870365724
3.8203422741182003
-0.8600598788610627
-1.3943060513023822
-0.2645164388229586
0.5158790976840997
1.1406935837377405
6.198000298516651
2.5579000298825267
6.927538879805236
-2.0818786004276832
-1.3980060583592526
0.0022423270804642925
0.4504752606795246
0.19709224421873472
-0.6682026315265823
0.010055079700961528
1.5184095738882502
-1.5934001467092775
-1.6219833288366758
-0.33067985190500876
-0.8404633568273109
-1.1253799500185477
0.9043611798560582
1.5059714148912686
0.9764802007952331
3.809439447941992
-0.24977172711819226
-0.6908039025434359
1.3400102365792377
-1.0763812720721344
0.2564468063860815
-0.7472169885618045
-0.4397590913170704
-0.940097480289177
-0.6920225538280522
1.2619821330285965
-0.5276657353367538
0.8196818273457978
-0.15200290839105837
1.287673410271077
0.1978923804063038
-0.6818512815663289
-1.1164547040864663
0.11120186591722303
0.7044946922743636
1.831727964150354
1.0330116163666967
-1.1718191950390136
-1.014108813418037
-0.0981436886024781
1.7780939608539075
1.9292754386762785
-0.750688619064404
1.106169907180133
-1.0564562804053241
0.19863093113679542
1.717618630195015
5.554995516593802
1.2467276329726102
-0.06541551084518935
-0.5992772974624964
-1.5082673516374514
0.6218458975443187
2.3679246509360556
7.021992475347261
0.8065541586670805
2.524499913635628
6.121123591951283
4.995752403695823
-0.041259129531594226
0.3322990151134204
-1.0601639236699276
2.347829921642327
-0.9644452698470177
0.35421512890832585
-0.4619956141671305
0.10779018939404159
-1.3336029323928034
3.0604529354051255
-0.17404331383530872
1.897905637300999
0.190935312615717
-1.8338300613266112
-0.6377597320918891
0.020164364438836287
-1.3072986401455295
-0.2809763387681624
-0.15429250293442068
0.05476797067523159
-0.5853733957399384
-1.4278751577753306
1.7936413872248977
4.1500214096723615
-1.3770675941646475
-0.6207570187417952
-1.5208975920372074
-0.9567593277966132
-0.2055236928138481
-0.9499426578401784
-0.9606340229256071
-0.2697326034346416
-1.0291227696871377
-0.6325149877056894
3.303636836161177
3.3117640500752197
1.7864932351210214
-0.231125294951711
0.4388535676693576
2.1775209340895536
0.3212639052493355
1.8148484153081075
0.5982652837326028
0.930420771039182
-2.2827623557093717
-1.4588382520091268
1.5085447950495574
1.4880746863690186
-1.2697736106107214
-0.956463805620783
0.9711340313412244
-1.6392715473423036
-1.8109780895869703
-0.6823797053645368
-0.00026974862643606913
0.24645900700533582
0.9671401359372996
0.09522399546298686
-1.807873922536821
0.6572739608535917
3.051710455631442
-0.9251829981530295
-0.6772621201048945
-1.1198239799008307
-2.8952841056806102
-1.1868741796346627
0.8382913180115991
1.5714807942759303
-1.546853053883132
-2.1877517105358373
0.8092468947276674
0.8336720652827754
0.7974927569981669
-1.0930976289096208
0.1002960898227344
0.6358608795848779
0.5607384485589769
2.9992615855866105
1.504153943374945
1.939549904424039
-0.7237266522441864
3.222426365499306
0.5207723017955344
-0.2796253552334341
-0.2323124832373997
1.6726174860097598
0.4179879863487137
1.5136849397137329
-0.8813775453769862
0.23866587013514448
0.28234127495255495
-0.9888785115392696
-0.7642285058048146
1.8377925047162984
-1.2966494223034708
1.026222619656369
0.4101013396125419
0.1254155818097787
1.6212822889945753
-0.1687473394922339
-0.9308539655286077
-0.8954503268393111
-0.11422487665013466
2.2323519473456535
0.20618779724068134
-1.1162073980826286
-0.5275496163803218
-0.26417597430354317
-0.6961901798260762
-0.4344535354585266
-0.6937177272502946
0.9558256540055451
-0.04656706310842571
1.0117363275124283
1.7317765093596724
1.8938116130551197
3.321994332846215
2.2691276750140292
2.4733703062469683
-0.19492247670336338
1.057188307528427
-0.6244591583140209
2.9469639701934285
0.2849426854405334
-1.837873917585608
0.9542332570382691
-1.7010837159015963
-0.03492709340850024
-1.0932748244976846
-0.32729868876326573
-0.13286194806037382
0.6474076091258433
-0.6472214655395939
-2.7213239137507506
-0.5774901968136603
-0.174520107004451
-0.7818271563805874
-1.38878349066096
2.962244015598496
-0.5445121158870945
0.1119948412439216
-0.1317230339841568
0.11865291722584533
-1.8851219004019713
-0.4807427392573902
-0.8309653984461128
1.0117195716657763
-0.6947421764409542
-2.3603765635036518
-1.299310736805678
0.12314186480122521
1.7351683323090006
0.4010723044426764
3.0033413561922235
3.5993548588871587
4.35879531895486
-0.019894592626155484
1.3845731229941953
-0.1210902382462205
-1.137758968901507
0.3153953370465947
0.6766248555004452
0.6355426363820387
-1.6422255480395465
2.0338264951082836
-2.2879830023646592
0.623699010720798
0.6568226987103121
-2.369755962436538
-1.056679580310938
-1.0179039121272389
2.2313681142755732
0.48317225940693637
2.0750986511511162
-0.8061091329575893
-0.8275830725444042
-0.15589735347735212
-1.7537365838102437
-1.3378048090091161
-1.9839961993377122
-1.4569994581215278
-0.5108685245657018
-1.3366814300083052
4.2441901220555645
-1.1311632449752362
1.3397853250784226
0.4419708510871231
0.08354099221573875
1.8392542390513924
1.4271874652921643
-1.2368955107913384
-2.751089816110102
2.131055101525289
3.797198794867371
1.797113460698492
2.815268222093966
1.6334620592417273
-0.7365923909766103
-0.32977858601126286
0.2057915878967652
3.690129201066385
1.2212683998651435
1.4246026093526838
-0.02440671484608845
-0.7340495300542171
-2.5729598764412693
-2.6129113621782123
4.845635189091244
-1.229319480873506
2.1247705536752424
-1.9686286967516897
-1.298572628107077
-1.5874382726263543
0.4614622973080483
-0.9442355871103075
0.20043158617146828
-1.550587112156194
-0.776537155524085
2.31321619351186
1.1581988975701465
-2.2868398337328237
-0.6840692557209156
-3.4776671710926825
-1.5289452331036346
1.2471709276298175
0.8015239006038564
0.027752830299212293
-0.022041769029326135
-0.20081503893861782
-1.5035198157497875
2.0721993575620825
-0.400777432584357
1.5079483762278378
2.950554813565462
3.4836207431553885
1.8736198809789824
1.3770555616835105
0.04278492035032849
1.5339680494380428
1.2106777689925512
-1.6583111245847144
-0.2342258174981634
-1.6918258203083814
1.8079138935933998
-0.5343423012673517
-1.052870403610978
-1.9995834568118376
-0.781965369225947
-1.6290950176409633
-2.585157289150554
-1.4120319818806315
1.0844944253649276
2.352021674046793
0.6708443496452523
-1.1330025227645053
1.8552946549449216
1.115063628000902
0.4555347795439691
-1.530066231286557
-0.403706673363208
-1.8274472459775901
-0.006512503959882963
0.7685942691507031
-1.273032651608733
-1.4682982432659402
-0.09617958507380513
-0.8480611451394501
-0.3459228891377001
1.265614838608294
0.9074808562221279
-1.3636645524687763
2.089134229031887
1.6220512209026217
1.4655391090982315
3.304212289343701
0.5323819285059792
0.34961981573863044
1.4003669334031306
-0.05972558984350826
0.14460054852682022
-0.49487627567089887
1.882506770902545
-0.46990402810586507
-2.7106208453737803
1.0036745106764835
-0.46676895084526127
-1.056276672848085
0.1342934118355994
0.7524828742860261
0.1049892372288175
-0.2673719109829276
2.6422265697995306
0.39379804361825926
0.022057764832449207
-0.35888866413983384
1.5934778488817423
-1.2121939764685754
-0.7927582862825611
0.5415420918268605
-2.8002234449186627
1.1946071796070812
-0.8380888190500054
1.0882818372095935
-2.149679129093406
-3.6798504468375968
-1.4296657938994795
0.6937520415598774
1.151132907149844
-1.7104260414118493
0.46891817441958755
2.249275033125488
3.4361290982606443
3.4033020578964326
1.537772993297142
-0.07912196059766968
-1.459907618212063
-0.2949440776110109
1.617515976109022
2.0907216250573963
0.9061489597060329
1.5115269067104342
1.3947699184561475
0.4729050399375231
-0.3269616439452579
-0.8672707514367229
0.12752159622698617
-3.090087994419388
-3.512467724063483
-2.3157852129711602
-0.25029638245628155
3.332282527013673
-0.3700427712120907
-0.5770301391089538
-0.49866744338039837
-2.0726016371162443
2.576031972841325
-2.257593566870183
0.529541136071246
3.7245601893263434
-1.44555512437323
-0.4775698652913111
-0.06952779012649
-0.7424149118061726
-1.5417311014616655
-0.992887282103868
-3.7527021892757357
-1.1101934918471343
0.8987967835481558
0.9094769056470473
0.9741323964967157
3.114912755549166
3.1777172094151456
3.628808903673008
0.303239193995458
0.9093051693464727
0.9324105232905667
1.0832601308344587
0.8361007734648952
-0.44864769138643407
0.25403133925023513
-0.009304084178163861
0.262203551185839
-2.290530439183818
-2.106741361652335
-1.9639344339094775
2.547437951027696
-0.1669294095729747
1.188976240602787
1.0161322627135139
1.6681742014496246
-1.1192721146083946
2.3407268272749553
-2.4765086580341023
-0.3342493334009107
-2.068190789102237
-1.5309206548065573
-0.9269594498489648
0.47315297616669055
0.6151000147424439
1.7914549651878542
1.4499362021523161
-1.1271323705576355
-3.4936163871666124
-2.209598603699974
0.12832110577884873
-2.553960065137592
-2.7971538416536434
-0.052485235668897755
-1.135236473219256
3.0520960361002136
2.9573964174837033
3.550646548423215
0.7215188241997025
1.6750551843846253
0.6742886910970357
1.3120155471149224
-0.602729238770607
0.7137017199063432
0.15822334340478647
-1.616742165533487
-1.6738514773229152
10.62228050141796
-0.8767004559875209
3.666908538884128
-0.23146542529912348
-1.1263597786951625
-0.21519501974695857
1.6725399200676898
2.4647297387565397
-0.8652358533852316
0.7694742233299241
3.127995459326282
-0.5981000000374304
0.8905429446956458
-2.2641157228766122
-1.9835024354085453
10.77812073708327
-1.2830413104051202
-1.0199292343685777
2.366274789435152
1.3151849428172886
0.20136321664382587
0.0653936989959277
1.5322409354369757
-2.0919826691939454
5.868601691675604
6.753657319718324
-0.7508441177787957
-2.047602969074197
3.127948161575763
3.073784173003638
2.66163055992081
-0.32115507384853503
0.6054460187963888
-0.6616928347905319
2.16552291339303
2.0180604975525664
1.1340447797565198
0.42125168261399526
-0.06621098837747055
0.5056355471867064
0.8189883992988214
1.0150438786373437
-1.6786621571384486
-1.001266195291049
-0.41666757007810584
-2.638201652790131
-3.0147651846709413
1.6872047869591844
-2.134294666292816
-0.6130425229428761
1.3267752539003692
-2.0680365462094334
2.9841119245882775
2.1064776165722012
-1.4907190549212737
-3.5143824558582817
0.17699089361358186
-1.7031775395297208
0.4097588500403206
-0.9861825705163615
-1.7633730516586277
0.6032028402185087
1.4537861457897598
-0.04683521913293498
-1.5085690644401133
-1.987048748847424
-1.3040350363634865
4.133450576693201
0.27566130863859284
0.4545189608445986
0.11633091905510477
2.6092115951719586
4.3805312118129
1.8307445566128089
1.2220207248632176
1.1152370148003683
-0.0398927243254202
0.6352067036310561
0.4609086549369379
0.1358773744845963
0.5927386464799734
-1.018368040063493
-1.5295582567529868
-0.4013150580247717
-0.4945848961504646
1.319594335559087
-2.0043412338518007
2.1231480714109128
-0.3261365496502693
0.7564226873583889
1.278092718343036
0.3869749852546737
-2.0604020225843436
-0.9358983402475549
-2.3173977411290503
1.8767515885756825
1.2064507275405154
-2.9498628445557884
-2.496862769075222
-0.689018410863731
0.3202591131006926
-3.1525462578382384
-1.7363721150742557
-1.1570047426370524
-2.221691013031194
3.7739934564894346
2.7270577359008112
4.355114841664743
0.9178281514354113
3.0398448471527675
2.2390232891945976
0.8365019491226168
0.3215255154329948
0.7320546063514856
1.0165035148277715
-1.2744644002650358
-1.4015485842531352
1.7144454628043924
0.20264450744253532
1.2258558306160798
-1.0579390771951374
-0.501215073700933
2.4356001137566556
-2.7061072346579294
-2.5303828047775516
-1.635532099078499
-0.6015616059058561
0.27886030367794856
-1.4902897284595689
0.3391949493198142
-3.807051133374209
-1.7363768525576788
0.9824919805392723
-0.7280473071974711
0.7697517373861145
-0.5839303851022287
0.08512885581144053
1.7141463196428697
-2.1059639193726634
1.3606608878033395
-1.3228616689153136
-2.793177349317328
-1.0296354521788418
-2.0719513451260956
-3.1083139309936505
2.542544398665368
5.024821529165467
0.38188231774639964
0.6052778866791918
-0.4376930741518967
0.17578649500836555
0.37341588848571655
1.1675041826342851
2.374582073657585
-0.2782172865964977
1.673942814356648
2.956835239316733
1.4268884344651351
-1.4125767469339343
-0.7844755522188634
1.1649106434090695
1.083690139533165
-2.1574118934601225
-0.21442699920087682
-2.8345368028856757
-1.002657700395283
0.3554905418392487
-0.5278555103801694
1.1649916596659378
-1.499185724777019
-0.24788239959304917
-1.683182310839817
-0.20652907270860368
-0.9127041634076055
0.7196007111447492
-0.7408604518918773
-2.504510805702704
-0.658627362346548
-1.0059071443013556
-0.43119427846859776
-1.8979282840766656
-1.0546116718092853
-3.064484402020551
0.6935431589130028
2.793999391907314
0.45305898068503725
-0.29405310352347985
-0.43744146236262405
-0.2664476898060259
3.4611536013595656
1.3304683204497736
1.3510546553182439
3.3324034805544764
2.3042879643690495
0.6309187357688611
-1.540270328857069
-0.6420939896838426
1.1298457722419206
1.8056982423323458
1.6038469255894143
-1.36279226093745
0.1986357430524697
-0.686406304022147
1.8217440582949176
-0.7054658195028535
-1.8369524765709346
0.33120530910193624
0.0440541737696758
-0.8114605103185425
-1.7125453286788432
0.1667098046563744
-1.4904448075606749
-2.780828930318462
-0.7528359559712441
-0.6211627961204818
-0.8468430735951822
0.13347052397918968
-1.6158821591651988
2.805666103799094
0.8733013170772703
0.4223678832520782
0.371571514920166
-0.6079684890476779
-0.16351047028872237
4.9314671197694295
1.863361038396846
4.3661004620554005
4.692103879353697
1.0347279219555097
5.626184263738085
0.11702738651083922
-0.38526247142509235
2.506456801585557
1.7349078049129283
2.5242807684840765
-1.8602473348319588
3.8700225949348086
1.4321838205843902
-1.2250746814282105
14.910670368891518
0.6109981833597075
-1.7695727721232328
7.485066114942188
3.2917123167594537
9.976709196771917
0.657970408959996
-0.3953684707159094
-0.42962053877137474
3.107119791737398
-0.48372438738863816
-1.0510352055700645
1.1699014892314854
-0.9594691178664277
0.9397961821435116
-1.1001529294848005
6.692216054066945
-1.437310351356718
8.79817098834203
-1.757796652060952
-1.5924369844049402
2.285935034881989
-1.8201162492124532
-0.13796725032962082
1.3749860979567776
4.805028826682792
-0.14840688557333961
0.28312417934661377
2.525046087903342
4.513337478351315
-0.5019893131814999
1.1829242040309094
1.1334621327976233
1.6628054093675877
-0.473476013611119
0.5369454779640327
-1.2071861501083905
0.4556226006448483
1.9243313409924048
1.217709375048996
0.9733076501050448
-1.2115175209380173
0.6505124811974129
-0.8659462483077344
-1.6735304347210012
-0.023452687206977088
-1.3558203057167229
-0.14472420997769017
-2.7359653168971763
-1.3498789386574042
-0.7115460341308888
-0.7345842991609636
0.9856792236041093
-0.5037809615799348
-1.6927225585583652
-3.652807423596311
0.41556828620465874
-0.5703092377425442
0.9838325546287053
-0.9178385069969881
0.6439377752165567
-2.0654102771062517
-2.620163336599151
1.0388979127773232
3.367082385857176
4.463813839475695
0.815025180183475
1.7001517771032117
1.5549553082620216
2.307958938782761
0.20189528343345972
-0.45174019810873894
0.6478635196106859
0.0476355322605317
-0.5604135663033899
-1.113386174338844
-0.9852512764087462
1.8998542129963332
4.31198873815396
-0.2784928176222752
0.5504641276781371
-1.3412513511251445
0.3496651597066527
-1.5214800309232237
-2.3882734379451844
-0.04574761749454751
0.6017685781000179
0.35518894116340727
-1.6117046530527173
-1.611373136575563
1.6475221853822521
-1.8935668808046746
-1.9734524223485201
-2.169855177988018
2.2295645807218563
1.1456215950494564
-2.7993032530868027
-2.9674288142575453
1.5705934754882287
-0.4484321040066511
-0.7383767480756936
-0.7538540814916098
2.753562140003402
3.575533374838867
0.8414542335803922
-0.36249505286866046
-0.4353527397449699
-0.6605647373605897
-0.8619130424375543
2.18096391094036
3.8658872565464417
2.7354739730378883
1.9945664614753955
2.922821968247653
1.1311404366338493
-0.870392844191965
0.651960407468823
-0.3485281233384032
-1.177326196931288
1.1018430784375697
-0.776253239208271
-0.5161355427349639
-0.2852037784537954
-2.222183764287604
1.3036913943258304
-0.40997637079284016
1.7861226336199307
-0.9129729575961525
-2.1190568992075423
-2.9851505784337307
1.0409657965455252
-0.19558403956903225
-3.612445674621362
-2.584512959183653
3.6277650306170086
-0.5049111171645001
-3.7783756345538477
-1.228144730276861
-2.577496212950746
1.6851744638173667
-0.2027478108551188
-2.7864371836862354
2.835470187418937
-0.2822218450060038
-0.18808894323064487
1.576489716863373
2.8360629000519793
0.6894593657368177
1.1563017288675743
1.1192302213554837
0.6270494918078582
1.8609185820334142
1.1574728225390718
1.4913067458418716
2.057573292721335
0.30963196620973976
-1.6471287278148101
-1.3277947451563432
1.9540620435696099
-0.08305792216179446
0.9375776734034523
-1.1267870846243313
0.757663357133432
-1.3225563492877068
-0.6527683849657772
-0.330652921785796
-0.27239778892428224
-0.840772671801331
-1.473895370661381
-0.18308905786513696
0.06871690460757418
-1.5374550434093632
-2.759410889487671
0.1502071957214381
-2.1710393572536764
1.1572680393500747
-1.0813123989397426
-1.9334944846665405
-1.7806172359560974
0.10566573911425656
-0.9379818520736233
1.3424616941257819
