38.17600591122833
33.72356412015386
15.248003484170725
18.111268395473687
14.14965140710876
11.027342808583732
16.473893821347186
8.393659330578787
8.09571473342451
11.407869859974268
6.627316939288885
8.747370295250192
8.754392056003368
4.488863286521122
5.412077378572914
8.124997986120938
10.657773893631195
8.425360752583082
13.98851876412807
11.084707859155237
11.406431102517214
9.818957126034606
11.906291738531813
11.544100820683457
11.928459007371565
10.763243796538157
12.682941996662802
10.047660698911123
17.59015053792973
10.779119890059258
9.836783166334593
9.525313794799969
34.778519347931145
51.41542472212403
35.44022049800762
22.19080172120942
35.96591920391067
16.132535187503493
18.11850549608315
27.966440835307257
17.91612747990495
38.54061143273138
20.20169196078586
26.950630137120964
37.088985406492256
32.59244900207044
44.57685066147865
42.272004268373884
56.410890584383715
28.284547574053857
32.667265007811594
36.51562414969424
30.691230916049403
30.706593109307338
33.314449773917076
41.35694405501444
37.75573225958963
40.596603568016675
67.92429871794613
63.01630183911341
61.17971724006255
36.10558558024829
38.285585769593034
30.498797479982585
46.05616379859171
39.17088720687412
46.39829066569626
75.93319534588633
41.317692729121724
34.22931891586704
65.82773007561316
46.70167852214212
54.54850416002296
46.44205517231584
36.79271954010813
60.53018910173929
53.57858046790631
55.3654996661182
50.80682200264708
64.44883524695614
39.98485440341596
41.57739233017237
31.249702145159993
48.18781479984354
40.54815752505675
33.34974721635088
38.83276391948498
60.283231571693754
48.67350742877199
52.27539014973878
28.620455971507713
22.19942462991851
25.025559304201398
35.77877608575181
34.24562208958726
42.425232618021596
54.62016875102472
47.21219828176532
24.284375127358274
36.88566092118261
26.834120706101736
29.84963158062431
50.764730726173354
35.544427193290524
35.70765671543637
49.72621271163873
40.064462500629645
37.242284984652066
51.81857888237135
36.944294663472306
53.275828207927624
48.46265728039008
33.622005780488514
44.0834810244124
38.74817799038562
74.48328806471397
30.500647688725465
45.38179845621848
47.238564691291394
31.681789087381546
40.06094087181377
37.47838817667234
43.65414462757224
43.94294449080917
28.797430193741306
61.83761469772059
27.526639133953758
33.53726317349864
30.52209248033509
43.28979149675471
24.663207679189146
31.427772208124523
27.242234513384012
41.460551857769666
43.643502285905974
34.18891091171922
44.41158268249584
41.83167678619082
36.57026013982116
31.14017132934896
33.70349512187008
29.568048372131685
29.72406070174343
25.402406593968013
36.87118105648633
47.87577378895872
39.4682162599237
34.41631103614104
39.496584783202096
22.947256273379505
33.34221202924407
33.53340945363123
39.97861673773561
20.69390511415412
62.38887910653373
43.16597055914758
41.1617191042422
40.37344411404022
32.44483985744329
44.18185624244332
48.04280562185411
30.141867735722453
28.430348209890923
47.63392788115406
38.30867242295223
36.915866625406544
56.81731266732563
30.413331507246365
55.157667633842166
56.75354474115711
35.60808559813545
33.24525705568083
34.696153291518605
56.186450158896186
46.47356081483973
40.830533886227904
49.67826845925311
28.496475356018856
49.10198628385138
36.35306833012689
31.637128554345
56.4068749526474
53.473672173383854
42.19659737551435
37.45484563043537
51.960543667765194
56.34984461643807
33.91718157411191
41.0953360798284
67.6451372245351
42.1503160618642
41.33917175881856
49.27359236920945
35.663612531476744
40.622913604795045
40.85964107343702
38.57272072331639
45.53577069697053
39.29923701717619
40.598643461150026
58.541808825483194
50.879021064689226
43.24574635916852
42.67741457132607
51.938283647019574
45.596911548324336
39.77074291554434
45.698419345145616
60.14715611297013
39.50894667380865
44.053846419060896
40.00622093711161
50.78780549681203
43.69745462980163
37.88070663191321
33.02337351280815
65.71753427599785
64.97975951389985
26.80095333961792
51.356826644770415
36.80462142119687
52.561357640217786
35.86257472977938
66.574662707488
33.76507654831449
42.18390166829842
43.34343600572693
59.17189158293166
29.567351527015344
51.898961848836045
46.86027656822981
54.78616082660129
27.53333832336477
47.15629243196577
45.976220790417585
58.349377339705796
104.63481641734055
35.29704990110471
34.3436820904643
47.35914914013166
34.59121718866737
45.88770069152036
39.08612496475136
46.80058338644772
34.2217202931896
48.49966680030956
50.447239545757306
40.99763452191805
47.93776936568919
79.0054475017215
36.68389343970618
51.79111009177359
42.725395883327586
52.21382439262803
55.010146184649436
37.443344445009714
53.076718556829206
41.736604518850186
45.32283044339823
43.370122567566504
57.25846803746937
53.674244717426035
50.22643791892397
27.054073670791965
56.21174113507711
53.79582026019359
46.402235101552854
55.73321266037358
52.12665597509809
69.15715759702056
48.791276643203815
44.39304975212404
67.08799178557878
41.300701106617595
38.995951371314504
41.30444313363263
36.378751416280345
50.35826499297963
53.13386856158228
49.23704650094404
40.144326661407
63.17039136319593
28.62940275327159
44.762724221193
60.00133121581427
52.66779157250817
60.227891501811335
34.072565522787926
44.98995685900098
35.61914333623389
48.45373025719929
56.58329474368639
61.21266966812781
37.22829392100398
35.26153931543633
66.82490017657094
49.913932775668584
44.87135037000742
48.60128604957006
61.556271024469915
50.956811559411854
55.80888688447069
47.78468504374851
42.2294885387332
33.382241910127014
52.88689968973015
71.14521302626804
57.80050373533452
65.65193292513229
29.88900543099542
49.76986272525799
44.64438835422782
41.30017805484852
54.08969897964821
53.6025846231943
42.84302070573607
49.1604609282554
53.33382359434176
45.287853206081095
32.36500450103749
48.97753151734806
39.98452821096784
47.375036348659826
54.47254774170024
45.05493117986927
56.70136825290692
36.839872500218924
54.755728643095836
40.867127336099365
50.02599780604026
63.43669660907119
70.36115180045344
59.26277744791155
40.776780275074415
31.75778064064918
48.908420251909234
51.88919636074102
50.43020656773199
36.315710613578304
47.68563318865103
42.827510753520954
35.055030581179984
50.859155903345034
59.014326103407384
54.81400732289412
39.34351426045566
39.84197379940717
41.58705335020893
49.66548379980243
47.66655560394095
33.760264136362125
34.63114293237401
67.52067942010527
58.76910752178618
38.62346144794525
42.52227650902096
30.162215577687487
56.59904485549666
47.92434657797284
33.45546570219211
49.976828547765756
41.441095258248566
32.18940706106512
42.09434230133975
23.932609041765634
42.62256736332165
48.39116968499657
61.43306754929684
47.921089883997894
68.58547358011276
51.34661211095721
68.08207405549794
43.174511467895925
53.80555341133622
46.784626643723456
56.07679920712726
43.175516605843505
41.82588116398814
36.27811077437902
73.33963581802189
55.4738774767649
40.63119806926085
43.260541125715264
42.886514843888534
49.93597599776834
49.44042037310299
42.634453488236765
70.4642982966422
69.0167835329921
41.48434054435871
43.558755703739614
48.80275181050169
32.82000487996194
57.20526224092401
39.662040816947965
46.98271944001671
48.06336919735093
35.22887011353994
56.99592223664813
41.371157042387274
35.46218018696758
59.203944412437984
58.359600657056234
59.33077739822347
50.185440344856616
67.79275150692578
41.20673937183494
63.215245377255165
48.25824380724884
47.61972813276437
45.188742156490115
53.05389764003296
51.1961705695346
44.5915455451517
32.27921621415253
65.79482427000336
50.56650078495244
39.76836898772348
49.869197965157
43.08113268539177
72.60597291941573
44.04645002191702
53.659112781917145
55.006576543781385
59.699691456610296
57.712972507833825
67.2268025754113
42.45676755240772
35.948517313959066
40.55819512175492
56.079100675568675
55.70620900194855
38.66926874850948
39.58528331196761
63.13637753171792
39.55332691169065
52.03134965445062
45.425182965836576
69.42081186474609
55.68324753465929
45.37438165472542
37.21581529951643
31.868798048988364
57.266585693582776
48.24523808635404
60.94994355915595
51.27419651291894
42.25880618233482
44.936640810324405
45.64376501156586
46.64508882870856
49.66025207165825
48.57763738575271
50.2301625811314
45.21961312597324
50.718960703211415
67.73863429502704
38.89565396179677
35.74591434003879
63.91135204485998
52.57153587039016
46.99888155342538
64.62098349946305
78.61676981651041
49.34930805869427
37.86426211892714
54.2461310310117
53.707045613556865
36.70978637435267
57.479992101262404
52.07609532652479
43.08487690211295
70.37459375070698
50.2863340352231
66.00441279825475
72.3678261304595
70.23888461694936
56.51234647798337
49.20905229530288
47.716580857209074
53.1262070788949
43.94763241406879
53.496899237270306
43.84062835856464
50.888008757132134
46.51160182665019
57.002207170186665
53.527724709011125
68.77168586578973
48.63436874018691
53.37826191787352
61.03195586643912
59.61218313593534
54.62906205052986
39.18964061239915
52.342347609528034
38.40003412971113
46.42656732293562
79.473213570569
64.54754144882264
57.490066540303445
50.28975916954041
54.37552117986269
47.94841261173933
65.73931379398432
57.09107274131809
41.960200157463454
64.28931883973986
55.289904028313686
53.462086068555
43.10688498367716
33.06296102468001
53.188865269660326
67.73664620796742
54.093094544852384
45.48356626806868
62.13300546561141
64.33701186930139
50.16767253456444
40.68471947951717
35.31971695522354
36.349673284015175
51.94098569897942
38.98528259285973
62.688026014260046
65.18363627303813
63.219436374804104
36.086414395520244
67.17357377109447
54.35640006684635
41.45642735012523
69.39254765047927
65.17266238374096
53.89273039949755
70.43841140487368
67.80092569370062
47.15051762332923
62.51715163353482
45.405341365079686
50.654987954976725
51.58886255164531
60.41192623884368
72.46623113137035
65.35891390005729
56.191579035239364
61.13987624542862
51.183599288755474
45.11572286168017
73.0402893066575
57.366557720700726
71.33935683204776
50.621375027551686
68.8996025136502
70.19720333635914
67.19024112340118
62.518675927273655
49.41612626750572
33.71783558828588
53.76975897938559
69.36237467881504
48.52733701479796
62.95014732949417
66.63779012832256
57.75500541750163
71.01006783075248
70.79714400199303
55.122438943418956
54.73509575149932
60.21732059262446
74.11935072384985
93.07453316077962
58.38254537840582
56.962016614926746
49.209105986120804
45.22173672028568
49.10505440491672
110.85937363499758
65.94295483198003
43.42554868115018
60.858660904529565
33.39601490511438
61.20895810455624
68.38250455430023
56.3406619044949
59.94787433606543
76.87039107150451
78.36596389926981
46.35317413278722
56.86787473737046
55.57184149879108
53.759354259545304
65.29616606372277
60.16927512128997
97.1090534315512
57.00413368842817
82.00899864863588
36.82457448039583
56.83628690671322
63.262546031716965
57.67709752251602
62.88176938046541
62.936500027188465
40.33465078601775
55.39114678597491
45.80061877293289
37.214198964462675
45.74252383617143
84.1438947233044
53.45747042386341
52.77104584205142
49.26833526465647
87.89800382018466
46.561288771249394
77.1395855094418
58.473096580157055
58.01404920035906
57.55584957435181
51.24766723735043
57.10318989248164
89.98428755051944
53.25092634924971
45.11636803624403
41.156642720141335
46.90562807431759
74.51015505356057
62.05708213119483
41.600398176818075
52.10596640849243
53.77768430956865
59.44888192112597
67.1926351387049
48.15086110479989
42.453229455602106
55.94508686061066
44.83654572910065
52.54477859183131
52.915327273333325
66.18395941204268
69.27258485880903
56.2393882272995
41.43192271126456
44.176067879513795
46.742401447922404
53.66451868801717
70.05928266706297
53.00770496535471
60.76244085457272
47.66497467189515
61.65895748391676
38.94908969816574
61.35500223032835
67.86014572127698
44.14681630998223
53.19324341505903
54.06875695948129
75.37626841956458
68.72057712142343
43.11080598724006
53.28378932197825
64.24317044048996
56.35025714035371
43.212176186980734
62.28944619511279
53.12147409853814
60.604177973441736
50.131356667305646
89.8973859820712
61.74098818210595
31.144810995171888
50.248803160149755
73.73638532391567
41.940209337549284
62.86850509250706
48.856495375031386
121.04324641383865
44.6957475196859
40.4247708883926
53.61197921226378
63.721545722561494
64.69483273753548
42.66336739898923
39.47255833533769
60.511616498410014
68.75815876176085
52.64437242798194
57.81416269352949
52.97909737401
49.99268109878572
59.48169931978039
44.5565388239746
49.5148514248318
48.03181162361374
85.29690554044946
83.73461597571622
50.06818235459868
65.77421091034694
39.96944657583718
58.62156872986988
53.80830351987463
68.05910112924583
76.04813320766587
52.79584730301437
37.23679351299009
56.98342302339917
60.58760663668
38.72882819484417
43.249035489717976
47.579358790152135
55.3603654494791
50.53472164026837
58.203026982320196
64.15645584781358
59.49481331204939
73.69355615175463
60.85355989175649
65.89544994188435
81.48330707578442
56.9901302155696
76.96766376141755
54.57103095723133
53.657368556507556
64.50964071322494
70.14165673938639
54.88339374925873
50.169167382036164
47.16325787056976
72.59455333547828
66.30164112578652
77.16778869869206
46.15598320268989
45.89172887796089
47.67296382282179
52.05703297563964
81.29872014444202
76.68400533768691
51.89573832670896
50.697229178763
65.11797227132747
55.466226898962134
65.25178174102457
41.34006337888668
83.46757766663457
59.004769318007995
64.25379694608873
55.07340453749713
55.216394622333645
65.19070805054614
52.72096851132686
63.44407265720257
58.49940413465435
44.30145217421716
78.55290549537433
52.4421927472998
86.9745943876659
76.78215910309123
87.82888544139654
67.3014225865484
67.75993958530164
43.19052644495461
56.29512278985049
65.8092717570388
65.72050652746594
55.50892697111484
67.89367165940206
73.1322328491409
88.97117394250417
45.43928083178077
72.89848801452816
63.206645134154066
38.01844058203066
46.71478851144782
92.56073977578409
51.482153652131004
46.102114352613484
58.68578253489161
62.8728256680338
53.04401315199225
68.40130392872082
59.1841368138623
78.59246930824467
47.16346425559423
52.50857043209732
46.77580743956405
76.40152747708277
56.183251543866255
42.620043994961755
43.59445464281478
50.54846558877233
52.96833800363165
52.89965639967982
76.71211093313744
78.62491294043056
60.468860702876746
59.9678579383941
48.89042220290293
44.164507035358795
62.18412730497251
59.98229445668491
61.187930144843655
50.5818453133853
64.72681563342158
42.438474037741685
49.16409408358764
56.61496194938226
57.56242490356894
62.21024497814362
76.33985634247901
52.630828532873814
60.33200435390699
62.58529822056668
60.84832305017154
61.77727342002539
47.11635008061331
84.16351104860968
64.38368977938242
67.54547080853538
64.18022760521397
42.739403156937485
68.11466367025461
71.09181527829016
48.36051640315009
54.4569517432216
69.53389506762707
91.14522240505164
63.67837764945312
61.60399942261388
46.682548549043105
50.03246830239346
61.44890945514034
46.9961119220365
70.23962145529345
46.98320968749182
47.089746895917195
56.73376048349607
39.682843508045934
58.65966329689934
92.89747766160458
62.548641182690744
53.835880810363996
40.00938877668219
69.0024886453734
76.25578855253728
40.57297210363537
62.762977658888765
47.431182517296456
46.615298909257724
49.23200929124869
57.536454984709735
56.713297073706606
74.88538741244838
66.02962068447145
62.0396406002725
57.513142644421684
71.7938087242757
69.42830292236862
58.24757355909575
56.79172066373175
57.12790636137612
51.29511397460183
52.119061395530196
59.24108604772492
46.18430897183038
49.25228697349142
53.20289871897378
63.25874694422914
71.6725903675159
77.14020756750085
69.33961737281055
83.09947738577338
63.80525951972542
101.82322281453334
52.64528387829241
57.28300176501877
80.41289637137623
60.794866641044834
89.40017758334024
70.05260782681226
56.86542742446576
46.21211213222411
65.23048448292549
61.53298728382432
53.078195097494515
70.37090001118035
97.90664328293174
70.49260566743102
80.91408033542268
64.5265627381573
52.35937222587045
71.80382890610007
73.1727793855539
74.26200417620608
55.81758200293779
52.42895488668716
62.86608975629508
78.43266042122684
62.648057512424025
73.02156465336586
78.6228007658762
47.45382502923305
65.27560795224069
49.88855300600629
44.636928752549544
46.795636014560806
58.436740199742694
43.32259065423182
52.03516234768154
46.865535617147906
39.383831159027544
85.76889164092046
57.44081669936301
46.08556111802472
74.11922841228007
54.23738036059078
53.262421414040446
65.66539474106294
59.729452392584776
90.58985998076372
50.68806290904554
60.67744519668437
66.48269030350546
52.93546304407383
67.36397982414637
61.150966397825705
40.130076647712556
46.42760875875235
61.052129161049784
59.47583849944975
44.839655020284134
50.470849279244696
56.77624582003283
57.407841388037404
67.09460044880016
75.55805689277493
67.6281057019326
78.0348374556686
79.59305871919216
50.55882664967845
71.69581259347476
59.8053223475993
52.85720164924188
76.08760621846834
57.886393592050936
77.77052444266447
64.44789100684596
48.1460778816323
64.063288697112
55.92269202720279
70.64060538359308
41.06249922398949
69.73820036165726
59.48502910534576
32.090596984928005
78.73412190954468
65.38886879892327
51.87236954554552
65.7389188021135
44.72991157121111
64.16652231088106
55.04423850069879
58.513329412314214
52.0591046645477
47.02684770352891
68.64746194478745
54.399496994574505
51.30922465558232
46.76508995652144
58.8525072077772
81.28084146058808
67.36008797172524
48.73765797399614
59.08656546785358
48.561591090074025
44.616781160737986
43.992995636048775
52.27843975953464
79.00201463445819
92.4613064336042
79.65653951862976
57.78181376874674
53.98457477900558
73.9378382801868
57.66542677502285
61.62316224428258
75.84865882761791
71.38204588260585
49.52615756729303
68.50171786291487
55.647755160979344
